$parTable
                   Est          SE         Lower        Upper             Z            P
mu.x      5.307029e+05 260.1030191  5.301931e+05 5.312127e+05  2040.3566739 0.000000e+00
mu.y      4.983401e+06 293.8138217  4.982825e+06 4.983977e+06 16961.0849058 0.000000e+00
scale     1.955870e+03   1.3562552  1.076343e+03 3.554096e+03    24.8700689 0.000000e+00
shape     1.792314e+00   1.2014444  1.250820e+00 2.568226e+00     3.1794510 1.475543e-03
elev240   3.128291e-01   2.2413969 -4.080309e+00 4.705967e+00     0.1395688 8.890007e-01
slope240  2.590820e+00   0.6474279  1.321862e+00 3.859779e+00     4.0017127 6.288563e-05
elkuse   -9.084914e-01   3.3228676 -7.421312e+00 5.604329e+00    -0.2734058 7.845413e-01

$covmat
             [,1]         [,2]         [,3]         [,4]        [,5]          [,6]          [,7]
[1,] 67653.580544  6295.961401   8.58123871 -5.330224040 31.64213275 -39.189578647 -108.58035250
[2,]  6295.961454 86326.561841 -11.93901707  6.899252341 79.28451168 -78.728420910 -140.23426753
[3,]     8.581239   -11.939017   0.09285877 -0.053889693 -0.08382196   0.013832663    0.10570723
[4,]    -5.330224     6.899252  -0.05388969  0.033681256  0.03807308  -0.004982067   -0.06342253
[5,]    31.642133    79.284512  -0.08382196  0.038073079  5.02385993  -0.254570427   -6.77992487
[6,]   -39.189579   -78.728421   0.01383266 -0.004982067 -0.25457043   0.419162830    0.69244816
[7,]  -108.580353  -140.234267   0.10570723 -0.063422534 -6.77992487   0.692448165   11.04144920

$Neg2xLikelihood
[1] 3326.662

$AICc
[1] 3340.87

$evalTime
Time difference of 5.883017 mins

$convergence
[1] TRUE

