$parTable
                     Est          SE         Lower         Upper            Z           P
mu.x        5.307029e+05 270.1107942  5.301735e+05  5.312324e+05  1964.760195 0.000000000
mu.y        4.983401e+06 324.1318026  4.982766e+06  4.984037e+06 15374.614093 0.000000000
scale       2.343221e+03   1.2777343  1.449405e+03  3.788233e+03    31.659111 0.000000000
shape       1.621978e+00   1.1852393  1.162479e+00  2.263105e+00     2.845902 0.004428580
slope240    1.557972e+00   0.6159386  3.507326e-01  2.765212e+00     2.529428 0.011424869
descape240 -2.373090e+01   8.3233419 -4.004465e+01 -7.417152e+00    -2.851127 0.004356461

$covmat
             [,1]          [,2]         [,3]         [,4]          [,5]        [,6]
[1,] 72959.841135    774.442377  2.710868164 -3.214714942 -17.120557415 164.8550285
[2,]   774.442344 105061.425426 -8.648644560  6.575378195 -46.757473403 351.2641821
[3,]     2.710868     -8.648645  0.060068335 -0.039732199  -0.001095533  -0.2888966
[4,]    -3.214715      6.575378 -0.039732199  0.028881213   0.005565986   0.1731873
[5,]   -17.120557    -46.757473 -0.001095533  0.005565986   0.379380410   1.3940764
[6,]   164.855028    351.264182 -0.288896649  0.173187325   1.394076387  69.2780197

$Neg2xLikelihood
[1] 3309.77

$AICc
[1] 3321.958

$evalTime
Time difference of 2.001733 mins

$convergence
[1] TRUE

