$parTable
               Est         SE        Lower        Upper            Z            P
mu.x  5.311306e+05 256.558476 5.306278e+05 5.316335e+05  2070.212784 0.0000000000
mu.y  4.983703e+06 232.065513 4.983248e+06 4.984158e+06 21475.413495 0.0000000000
scale 1.787575e+03   1.319050 1.038849e+03 3.075928e+03    27.043349 0.0000000000
shape 1.779384e+00   1.177897 1.290921e+00 2.452673e+00     3.519612 0.0004321786

$covmat
             [,1]         [,2]         [,3]        [,4]
[1,] 65822.251641 -3590.337524  16.20172291 -9.15123731
[2,] -3590.337497 53854.402490 -14.00014699  8.07305095
[3,]    16.201723   -14.000147   0.07668000 -0.04384894
[4,]    -9.151237     8.073051  -0.04384894  0.02680762

$Neg2xLikelihood
[1] 3348.681

$AICc
[1] 3356.831

$evalTime
Time difference of 15.584 secs

$convergence
[1] TRUE

