$parTable
                     Est          SE         Lower         Upper            Z            P
mu.x        5.307029e+05 280.7375995  5.301526e+05  5.312531e+05  1890.387634 0.0000000000
mu.y        4.983402e+06 340.9143965  4.982734e+06  4.984070e+06 14617.751626 0.0000000000
scale       2.523039e+03   1.2600130  1.603943e+03  3.968798e+03    33.892134 0.0000000000
shape       1.563506e+00   1.1827717  1.125159e+00  2.172629e+00     2.662513 0.0077559548
elev240    -1.554362e+00   0.8671524 -3.253981e+00  1.452563e-01    -1.792490 0.0730544388
descape240 -3.032854e+01   8.5813119 -4.714791e+01 -1.350917e+01    -3.534254 0.0004089277

$covmat
              [,1]          [,2]        [,3]         [,4]         [,5]         [,6]
[1,] 78813.5997913   5752.337037  0.35676359 -1.626689453 -7.513589450 325.07150684
[2,]  5752.3370509 116222.625766 -4.78360409  4.841515428 -5.018213254 635.89923830
[3,]     0.3567636     -4.783604  0.05341740 -0.036507739 -0.028134855  -0.31903853
[4,]    -1.6266895      4.841515 -0.03650774  0.028177182  0.002486885   0.17488572
[5,]    -7.5135895     -5.018213 -0.02813486  0.002486885  0.751953345   0.03668437
[6,]   325.0715069    635.899238 -0.31903853  0.174885721  0.036684366  73.63891333

$Neg2xLikelihood
[1] 3313.417

$AICc
[1] 3325.604

$evalTime
Time difference of 6.946417 mins

$convergence
[1] TRUE

