$parTable
                     Est         SE         Lower         Upper            Z            P
mu.x        5.307029e+05 276.311303  5.301613e+05  5.312445e+05  1920.670257 0.0000000000
mu.y        4.983402e+06 310.361989  4.982793e+06  4.984010e+06 16056.740076 0.0000000000
scale       2.363208e+03   1.250097  1.525780e+03  3.660259e+03    34.798516 0.0000000000
shape       1.576473e+00   1.171574  1.155841e+00  2.150181e+00     2.874620 0.0040451437
descape240 -3.020818e+01   8.591353 -4.704724e+01 -1.336913e+01    -3.516115 0.0004379117

$covmat
             [,1]        [,2]         [,3]        [,4]        [,5]
[1,] 76347.936326  -824.79225  -0.34676301 -1.54046760 300.5579627
[2,]  -824.792239 96324.56405 -14.03602202 10.16997138 656.0220268
[3,]    -0.346763   -14.03602   0.04982781 -0.03361711  -0.3518409
[4,]    -1.540468    10.16997  -0.03361711  0.02507406   0.2007826
[5,]   300.557963   656.02203  -0.35184085  0.20078258  73.8113548

$Neg2xLikelihood
[1] 3316.653

$AICc
[1] 3326.82

$evalTime
Time difference of 3.95435 mins

$convergence
[1] TRUE

