$parTable
                 Est         SE         Lower        Upper            Z            P
mu.x    5.307028e+05 236.136297  5.302399e+05 5.311656e+05  2247.442582 0.0000000000
mu.y    4.983402e+06 251.618123  4.982909e+06 4.983895e+06 19805.418417 0.0000000000
scale   1.825470e+03   1.332764  1.039581e+03 3.205465e+03    26.142612 0.0000000000
shape   1.806110e+00   1.185096  1.294755e+00 2.519423e+00     3.481115 0.0004993308
elkuse -2.645809e+00   1.356845 -5.305225e+00 1.360646e-02    -1.949972 0.0511794586

$covmat
             [,1]         [,2]         [,3]         [,4]          [,5]
[1,] 55760.350636   550.079878   4.78275068 -3.333966280 -11.624908094
[2,]   550.079891 63311.679625 -11.76241192  5.952592651  67.230774638
[3,]     4.782751   -11.762412   0.08251537 -0.047070291  -0.015835289
[4,]    -3.333966     5.952593  -0.04707029  0.028840063  -0.002386404
[5,]   -11.624908    67.230775  -0.01583529 -0.002386404   1.841027684

$Neg2xLikelihood
[1] 3347.705

$AICc
[1] 3357.872

$evalTime
Time difference of 3.377133 mins

$convergence
[1] TRUE

