$parTable
                     Est          SE         Lower         Upper             Z           P
mu.x        5.307029e+05 177.4079699  5.303552e+05  5.310507e+05  2991.4266817 0.000000000
mu.y        4.983401e+06 221.0090710  4.982968e+06  4.983835e+06 22548.4023461 0.000000000
scale       2.121902e+03   1.3418949  1.192332e+03  3.776189e+03    26.0473227 0.000000000
shape       1.679958e+00   1.1879694  1.198616e+00  2.354597e+00     3.0117980 0.002597054
slope240    1.680172e+00   0.6287056  4.479093e-01  2.912435e+00     2.6724309 0.007530388
descape240 -2.391519e+01   8.2702870 -4.012495e+01 -7.705426e+00    -2.8916999 0.003831637
amuse      -5.777095e-01   0.9064913 -2.354432e+00  1.199013e+00    -0.6373029 0.523927570

$covmat
              [,1]          [,2]        [,3]        [,4]         [,5]         [,6]        [,7]
[1,]  31473.587799 -39208.770253 -3.42793726 -1.20724886  21.44027978 -127.8858816 -50.5268424
[2,] -39208.770244  48845.009443  4.27132988  1.50340115 -26.71521540  159.0675191  62.9436487
[3,]     -3.427937      4.271330  0.08648466 -0.04737515  -0.03296300   -0.1255019   0.1305895
[4,]     -1.207249      1.503401 -0.04737515  0.02966850   0.01568052    0.1133649  -0.0405754
[5,]     21.440280    -26.715215 -0.03296300  0.01568052   0.39527075    1.3433212  -0.1771845
[6,]   -127.885882    159.067519 -0.12550194  0.11336492   1.34332121   68.3976477   1.0559247
[7,]    -50.526842     62.943649  0.13058946 -0.04057540  -0.17718453    1.0559247   0.8217264

$Neg2xLikelihood
[1] 3309.315

$AICc
[1] 3323.523

$evalTime
Time difference of 14.79713 mins

$convergence
[1] TRUE

