$parTable
                    Est          SE         Lower        Upper            Z            P
mu.x       5.307029e+05 301.0483252  5.301129e+05 5.312930e+05  1762.849635 0.0000000000
mu.y       4.983401e+06 345.4884760  4.982724e+06 4.984078e+06 14424.218232 0.0000000000
scale      2.635781e+03   1.2566035  1.684538e+03 4.124183e+03    34.485575 0.0000000000
shape      1.521722e+00   1.1874875  1.086582e+00 2.131122e+00     2.443223 0.0145567223
slope240   1.903999e+00   0.6035793  7.209837e-01 3.087014e+00     3.154514 0.0016076580
forest240  1.516774e+00   0.4306764  6.726480e-01 2.360899e+00     3.521841 0.0004285612
wolfuse   -4.942537e+00   3.6781107 -1.215163e+01 2.266560e+00    -1.343770 0.1790226119

$covmat
              [,1]          [,2]         [,3]         [,4]          [,5]         [,6]          [,7]
[1,] 90630.0941346   6033.623239 -0.158391106 -2.231028599 -22.637547835 -19.90010087 -1.620175e+02
[2,]  6033.6232557 119362.287028 -8.179684410  5.990795969 -50.271283097 -20.39778565  1.605626e+02
[3,]    -0.1583911     -8.179684  0.052172250 -0.037181325   0.004971769   0.01948339 -8.554002e-02
[4,]    -2.2310286      5.990796 -0.037181325  0.029528897   0.002743091  -0.01151727  6.111974e-02
[5,]   -22.6375478    -50.271283  0.004971769  0.002743091   0.364307924  -0.05794559  3.458627e-03
[6,]   -19.9001009    -20.397786  0.019483394 -0.011517273  -0.057945588   0.18548215  3.344596e-02
[7,]  -162.0174968    160.562591 -0.085540018  0.061119741   0.003458627   0.03344596  1.352850e+01

$Neg2xLikelihood
[1] 3308.223

$AICc
[1] 3322.431

$evalTime
Time difference of 4.011533 mins

$convergence
[1] TRUE

