$parTable
                     Est         SE         Lower         Upper            Z           P
mu.x        5.311297e+05 286.349537  5.305685e+05  5.316910e+05  1854.829989 0.000000000
mu.y        4.983702e+06 309.703440  4.983095e+06  4.984309e+06 16091.851707 0.000000000
scale       2.398607e+03   1.251882  1.544310e+03  3.725493e+03    34.643668 0.000000000
shape       1.559509e+00   1.177170  1.132773e+00  2.147005e+00     2.724306 0.006443686
descape240 -2.635378e+01   8.167582 -4.236224e+01 -1.034532e+01    -3.226632 0.001252566
wolfuse    -5.460554e+00   3.691135 -1.269518e+01  1.774071e+00    -1.479370 0.139041477

$covmat
             [,1]        [,2]         [,3]        [,4]        [,5]         [,6]
[1,] 81996.057413  1008.38532   7.98437704 -6.20109019 251.7711309 -185.3227961
[2,]  1008.385316 95916.22090 -15.50724475 11.97804266 512.0151556  120.4530421
[3,]     7.984377   -15.50724   0.05046689 -0.03486799  -0.3068211   -0.0995527
[4,]    -6.201090    11.97804  -0.03486799  0.02660603   0.1714218    0.0691552
[5,]   251.771131   512.01516  -0.30682111  0.17142178  66.7093899   -0.8951684
[6,]  -185.322796   120.45304  -0.09955270  0.06915519  -0.8951684   13.6244777

$Neg2xLikelihood
[1] 3317.516

$AICc
[1] 3329.703

$evalTime
Time difference of 6.343733 mins

$convergence
[1] TRUE

