$parTable
                     Est         SE         Lower         Upper            Z           P
mu.x        5.307028e+05 285.009752  5.301442e+05  5.312615e+05  1862.051546 0.000000000
mu.y        4.983402e+06 352.800637  4.982711e+06  4.984094e+06 14125.263651 0.000000000
scale       2.605328e+03   1.263511  1.647280e+03  4.120571e+03    33.627627 0.000000000
shape       1.558830e+00   1.190370  1.107802e+00  2.193488e+00     2.547487 0.010850177
descape240 -2.652316e+01   8.434277 -4.305435e+01 -9.991980e+00    -3.144687 0.001662645
rghasp240   2.611233e+00   1.270615  1.208285e-01  5.101638e+00     2.055095 0.039869873
elkuse     -2.052162e+00   1.345835 -4.689999e+00  5.856748e-01    -1.524824 0.127302930

$covmat
             [,1]          [,2]        [,3]         [,4]        [,5]          [,6]          [,7]
[1,] 81230.558550  11028.364022  3.99460315 -3.618206838 291.1617088 -17.974806597 -39.671746575
[2,] 11028.364004 124468.289434 -2.32579230  3.500614523 525.6996444 -42.879627809 -20.577146669
[3,]     3.994603     -2.325792  0.05470660 -0.038337051  -0.2506439   0.012297755  -0.021853784
[4,]    -3.618207      3.500615 -0.03833705  0.030367962   0.1310146  -0.007718498  -0.008185537
[5,]   291.161709    525.699644 -0.25064392  0.131014635  71.1370330   2.254288047   0.745217395
[6,]   -17.974807    -42.879628  0.01229776 -0.007718498   2.2542880   1.614461643   0.611268808
[7,]   -39.671747    -20.577147 -0.02185378 -0.008185537   0.7452174   0.611268808   1.811272621

$Neg2xLikelihood
[1] 3306.477

$AICc
[1] 3320.685

$evalTime
Time difference of 14.49215 mins

$convergence
[1] TRUE

