$parTable
                     Est         SE         Lower         Upper            Z           P
mu.x        5.307028e+05 281.980492  5.301501e+05  5.312555e+05  1882.055082 0.000000000
mu.y        4.983402e+06 331.500388  4.982752e+06  4.984052e+06 15032.869642 0.000000000
scale       2.529671e+03   1.249972  1.633577e+03  3.917316e+03    35.119241 0.000000000
shape       1.544296e+00   1.179555  1.117282e+00  2.134512e+00     2.631554 0.008499526
descape240 -2.538899e+01   8.350199 -4.175538e+01 -9.022600e+00    -3.040525 0.002361660
rghasp240   3.345017e+00   1.196826  9.992384e-01  5.690795e+00     2.794907 0.005191461

$covmat
             [,1]          [,2]         [,3]         [,4]        [,5]          [,6]
[1,] 79512.997632   1966.144985   3.57234828 -4.024186130 276.9889986  -6.322449054
[2,]  1966.144987 109892.507340 -11.52283102  9.131158275 557.0185980 -27.662724397
[3,]     3.572348    -11.522831   0.04978304 -0.034904778  -0.2437051   0.025330356
[4,]    -4.024186      9.131158  -0.03490478  0.027270406   0.1471572  -0.007774421
[5,]   276.988999    557.018598  -0.24370507  0.147157158  69.7258221   1.973213554
[6,]    -6.322449    -27.662724   0.02533036 -0.007774421   1.9732136   1.432391551

$Neg2xLikelihood
[1] 3308.95

$AICc
[1] 3321.138

$evalTime
Time difference of 9.082567 mins

$convergence
[1] TRUE

