$parTable
                     Est         SE         Lower         Upper            Z           P
mu.x        5.311291e+05 278.713702  5.305828e+05  5.316754e+05  1905.643919 0.000000000
mu.y        4.983701e+06 117.317103  4.983471e+06  4.983931e+06 42480.601002 0.000000000
scale       2.823176e+03   1.251287  1.819359e+03  4.380841e+03    35.444193 0.000000000
shape       1.479546e+00   1.195275  1.043017e+00  2.098774e+00     2.196118 0.028083501
descape240 -2.437828e+01   8.121087 -4.029561e+01 -8.460947e+00    -3.001849 0.002683452
rghasp240   2.385455e+00   1.261792 -8.765687e-02  4.858568e+00     1.890530 0.058687132
elkuse     -2.337761e+00   1.278923 -4.844451e+00  1.689287e-01    -1.827913 0.067562550
wolfuse    -5.028211e+00   3.628701 -1.214047e+01  2.084043e+00    -1.385678 0.165845240

$covmat
              [,1]          [,2]        [,3]         [,4]        [,5]        [,6]         [,7]          [,8]
[1,]  77681.327700 -32697.883219 14.29594245 -11.47548732  76.2753792  5.54803463 -30.31142282 -194.52016032
[2,] -32697.883299  13763.302722 -6.01668740   4.82990462 -32.3301435 -2.34244938  12.75633565   81.88046598
[3,]     14.295942     -6.016687  0.05025337  -0.03742385  -0.2323406  0.02150916  -0.04408862   -0.07983038
[4,]    -11.475487      4.829905 -0.03742385   0.03181813   0.1060027 -0.01373331   0.01055694    0.06286993
[5,]     76.275379    -32.330143 -0.23234056   0.10600268  65.9520555  2.36543767   1.17804653   -0.87208269
[6,]      5.548035     -2.342449  0.02150916  -0.01373331   2.3654377  1.59211892   0.53278785    0.13410664
[7,]    -30.311423     12.756336 -0.04408862   0.01055694   1.1780465  0.53278785   1.63564523   -0.08059546
[8,]   -194.520160     81.880466 -0.07983038   0.06286993  -0.8720827  0.13410664  -0.08059546   13.16747163

$Neg2xLikelihood
[1] 3306.838

$AICc
[1] 3323.067

$evalTime
Time difference of 21.8595 mins

$convergence
[1] TRUE

