$parTable
                    Est          SE         Lower        Upper            Z            P
mu.x       5.307029e+05 296.3055066  5.301221e+05 5.312837e+05  1791.066634 0.000000e+00
mu.y       4.983402e+06 327.3708297  4.982760e+06 4.984043e+06 15222.497879 0.000000e+00
scale      2.587075e+03   1.2321217  1.718414e+03 3.894843e+03    37.646703 0.000000e+00
shape      1.491584e+00   1.1711534  1.094372e+00 2.032970e+00     2.530801 1.138023e-02
forest240  1.931684e+00   0.4337922  1.081451e+00 2.781917e+00     4.453016 8.467250e-06
wolfuse   -4.948247e+00   3.7049124 -1.220988e+01 2.313382e+00    -1.335591 1.816831e-01

$covmat
              [,1]         [,2]         [,3]        [,4]          [,5]          [,6]
[1,]  8.779695e+04   2288.78719  -3.44689192  0.03754124 -25.105506229 -1.342581e+02
[2,]  2.288787e+03 107171.66013 -15.81758497 11.32343614 -39.993264970  2.073298e+02
[3,] -3.446892e+00    -15.81758   0.04357139 -0.03118970   0.022669887 -9.191858e-02
[4,]  3.754124e-02     11.32344  -0.03118970  0.02496055  -0.013196115  6.338425e-02
[5,] -2.510551e+01    -39.99326   0.02266989 -0.01319611   0.188175706  3.774286e-03
[6,] -1.342581e+02    207.32982  -0.09191858  0.06338425   0.003774286  1.372638e+01

$Neg2xLikelihood
[1] 3318.634

$AICc
[1] 3330.822

$evalTime
Time difference of 6.318767 mins

$convergence
[1] TRUE

