$parTable
                  Est         SE         Lower        Upper            Z            P
mu.x     5.307029e+05 246.398478  5.302199e+05 5.311858e+05  2153.839815 0.0000000000
mu.y     4.983402e+06 264.860082  4.982883e+06 4.983921e+06 18815.225958 0.0000000000
scale    1.916161e+03   1.315547  1.119395e+03 3.280050e+03    27.558824 0.0000000000
shape    1.760020e+00   1.183526  1.264996e+00 2.448759e+00     3.355083 0.0007934111
elkuse  -2.479919e+00   1.324447 -5.075835e+00 1.159968e-01    -1.872419 0.0611487024
wolfuse -5.462658e+00   3.837682 -1.298452e+01 2.059199e+00    -1.423426 0.1546125794

$covmat
             [,1]        [,2]         [,3]         [,4]          [,5]         [,6]
[1,] 60712.210075  3122.27246   5.82457301 -4.294690706 -10.056334463 -134.0507504
[2,]  3122.272480 70150.86320 -12.60609135  6.642550041  56.419107269  154.6889530
[3,]     5.824573   -12.60609   0.07521449 -0.044484307  -0.013068142   -0.1333514
[4,]    -4.294691     6.64255  -0.04448431  0.028391614  -0.003386118    0.0763388
[5,]   -10.056334    56.41911  -0.01306814 -0.003386118   1.754159586   -0.1896100
[6,]  -134.050750   154.68895  -0.13335143  0.076338794  -0.189609955   14.7278061

$Neg2xLikelihood
[1] 3344.800

$AICc
[1] 3356.988

$evalTime
Time difference of 7.001017 mins

$convergence
[1] TRUE

