$parTable
                     Est          SE         Lower         Upper            Z           P
mu.x        5.307029e+05 280.9600644  5.301523e+05  5.312536e+05  1888.890991 0.000000000
mu.y        4.983401e+06 338.5286706  4.982738e+06  4.984065e+06 14720.766130 0.000000000
scale       2.446829e+03   1.2639682  1.545969e+03  3.872634e+03    33.307765 0.000000000
shape       1.580407e+00   1.1834040  1.136130e+00  2.198415e+00     2.717908 0.006569607
slope240    1.541371e+00   0.6102327  3.453154e-01  2.737428e+00     2.525875 0.011541053
descape240 -2.367361e+01   8.3512244 -4.004201e+01 -7.305212e+00    -2.834747 0.004586193
wolfuse    -5.014339e+00   3.6810350 -1.222917e+01  2.200490e+00    -1.362209 0.173131968

$covmat
             [,1]          [,2]          [,3]         [,4]          [,5]        [,6]          [,7]
[1,] 78938.557765  -1818.094519  3.3541459415 -4.098567984 -1.572666e+01 206.9100741 -163.77784952
[2,] -1818.094496 114601.660815 -8.7712198278  6.922241857 -4.475242e+01 355.0864391  159.44713542
[3,]     3.354146     -8.771220  0.0548759324 -0.037505481 -5.051766e-04  -0.2718048   -0.09586180
[4,]    -4.098568      6.922242 -0.0375054808  0.028356886  5.144289e-03   0.1645038    0.06573320
[5,]   -15.726655    -44.752424 -0.0005051766  0.005144289  3.723839e-01   1.3827085    0.00721261
[6,]   206.910074    355.086439 -0.2718048151  0.164503784  1.382708e+00  69.7429497   -0.64398083
[7,]  -163.777849    159.447135 -0.0958617950  0.065733196  7.212609e-03  -0.6439808   13.55001882

$Neg2xLikelihood
[1] 3307.147

$AICc
[1] 3321.355

$evalTime
Time difference of 5.144617 mins

$convergence
[1] TRUE

