$parTable
                     Est         SE         Lower         Upper            Z           P
mu.x        5.311293e+05 301.153280  5.305391e+05  5.317196e+05  1763.651152 0.000000000
mu.y        4.983701e+06 343.206335  4.983029e+06  4.984374e+06 14521.006366 0.000000000
scale       2.646196e+03   1.244770  1.722850e+03  4.064399e+03    35.993880 0.000000000
shape       1.495488e+00   1.184691  1.072796e+00  2.084726e+00     2.374606 0.017567677
descape240 -2.237025e+01   8.009659 -3.806918e+01 -6.671318e+00    -2.792909 0.005223636
rghasp240   3.239815e+00   1.205033  8.779508e-01  5.601679e+00     2.688570 0.007175876
wolfuse    -5.194355e+00   3.692012 -1.243070e+01  2.041989e+00    -1.406917 0.159451973

$covmat
            [,1]          [,2]         [,3]         [,4]        [,5]        [,6]          [,7]
[1,] 90693.29799   3215.393263  13.25135130 -10.22121467 269.1557215 13.49103790 -198.09794954
[2,]  3215.39257 117790.588213 -11.96002912  10.80274012 492.0843098  5.96678288  130.10981839
[3,]    13.25135    -11.960029   0.04793933  -0.03507819  -0.1859489  0.03986118   -0.09531380
[4,]   -10.22121     10.802740  -0.03507819   0.02872411   0.1091907 -0.01776274    0.07290597
[5,]   269.15572    492.084312  -0.18594888   0.10919070  64.1546319  1.94902144   -0.74504213
[6,]    13.49104      5.966783   0.03986118  -0.01776274   1.9490214  1.45210371    0.13500089
[7,]  -198.09795    130.109817  -0.09531380   0.07290597  -0.7450421  0.13500089   13.63095379

$Neg2xLikelihood
[1] 3310.44

$AICc
[1] 3324.648

$evalTime
Time difference of 19.09493 mins

$convergence
[1] TRUE

