$parTable
                     Est         SE         Lower         Upper            Z            P
mu.x        5.311301e+05 217.969560  5.307029e+05  5.315573e+05  2436.716803 0.0000000000
mu.y        4.983702e+06 153.892834  4.983401e+06  4.984004e+06 32384.238786 0.0000000000
scale       2.143948e+03   1.402177  1.105301e+03  4.158607e+03    22.691743 0.0000000000
shape       1.671061e+00   1.205515  1.158494e+00  2.410411e+00     2.747132 0.0060118984
descape240 -2.933703e+01   8.408011 -4.581673e+01 -1.285733e+01    -3.489176 0.0004845116
amuse      -1.105090e+00   1.047925 -3.159023e+00  9.488429e-01    -1.054551 0.2916308632
elkuse     -3.322145e+00   1.245466 -5.763259e+00 -8.810320e-01    -2.667391 0.0076442584
wolfuse    -4.808419e+00   3.562491 -1.179090e+01  2.174063e+00    -1.349735 0.1771009652

$covmat
              [,1]          [,2]        [,3]         [,4]          [,5]         [,6]         [,7]          [,8]
[1,]  4.751073e+04 -3.354395e+04 -6.60462768 -0.516972742 -1.272969e+02 -71.58053689 -28.13827215 -127.90521540
[2,] -3.354395e+04  2.368300e+04  4.66338484  0.364820303  8.957247e+01  50.53286008  19.86442453   90.31131095
[3,] -6.604628e+00  4.663385e+00  0.11426172 -0.059058923  2.109196e-02   0.22653055   0.01071133   -0.12398715
[4,] -5.169727e-01  3.648203e-01 -0.05905892  0.034934323  8.453365e-03  -0.08260852  -0.01291459    0.06794269
[5,] -1.272969e+02  8.957247e+01  0.02109196  0.008453365  7.069464e+01   1.73599435   0.94534505   -1.21204369
[6,] -7.158054e+01  5.053286e+01  0.22653055 -0.082608519  1.735994e+00   1.09814667   0.24956153   -0.21412110
[7,] -2.813827e+01  1.986442e+01  0.01071133 -0.012914592  9.453451e-01   0.24956153   1.55118555   -0.20762362
[8,] -1.279052e+02  9.031131e+01 -0.12398715  0.067942692 -1.212044e+00  -0.21412110  -0.20762362   12.69134222

$Neg2xLikelihood
[1] 3309.206

$AICc
[1] 3325.436

$evalTime
Time difference of 26.48048 mins

$convergence
[1] TRUE

