$parTable
                    Est          SE         Lower        Upper            Z            P
mu.x       5.307029e+05 285.1560053  5.301440e+05 5.312618e+05  1861.096704 0.000000e+00
mu.y       4.983402e+06 127.5535486  4.983152e+06 4.983652e+06 39069.095173 0.000000e+00
scale      2.840901e+03   1.2259644  1.905634e+03 4.235188e+03    39.031866 0.000000e+00
shape      1.443056e+00   1.1788604  1.045242e+00 1.992276e+00     2.228911 2.581983e-02
forest240  1.661013e+00   0.4174456  8.428199e-01 2.479207e+00     3.978993 6.920771e-05
rghasp240  3.980938e+00   1.1924552  1.643726e+00 6.318150e+00     3.338438 8.425075e-04
wolfuse   -4.623917e+00   3.6656456 -1.180858e+01 2.560749e+00    -1.261419 2.071578e-01

$covmat
              [,1]          [,2]        [,3]         [,4]          [,5]         [,6]          [,7]
[1,]  81313.947343 -36372.660335  4.01108303 -5.314273871 -12.316999695 -12.98405307 -197.37902754
[2,] -36372.660381  16269.907754 -1.79412679  2.377086788   5.509544144   5.80829968   88.27834605
[3,]      4.011083     -1.794127  0.04150502 -0.031440035   0.014076484   0.02674855   -0.07092131
[4,]     -5.314274      2.377087 -0.03144004  0.027076112  -0.008092639  -0.00777508    0.05494626
[5,]    -12.317000      5.509544  0.01407648 -0.008092639   0.174260841  -0.08830965    0.05199620
[6,]    -12.984053      5.808300  0.02674855 -0.007775079  -0.088309652   1.42194940    0.19011329
[7,]   -197.379028     88.278346 -0.07092131  0.054946263   0.051996204   0.19011329   13.43695756

$Neg2xLikelihood
[1] 3307.827

$AICc
[1] 3322.036

$evalTime
Time difference of 11.55857 mins

$convergence
[1] TRUE

