$parTable
                     Est         SE         Lower         Upper            Z            P
mu.x        5.307026e+05 285.111788  5.301438e+05  5.312614e+05  1861.384234 0.0000000000
mu.y        4.983402e+06 349.725757  4.982717e+06  4.984088e+06 14249.457602 0.0000000000
scale       2.533151e+03   1.269357  1.587219e+03  4.042828e+03    32.859017 0.0000000000
shape       1.582270e+00   1.189232  1.126570e+00  2.222301e+00     2.647668 0.0081049122
descape240 -3.052934e+01   8.557251 -4.730155e+01 -1.375713e+01    -3.567658 0.0003601865
elkuse     -2.978166e+00   1.281209 -5.489336e+00 -4.669961e-01    -2.324496 0.0200989066

$covmat
              [,1]          [,2]        [,3]         [,4]        [,5]          [,6]
[1,] 81288.7316222   5473.327193  0.20587255 -1.382697845 319.7113440 -20.651720883
[2,]  5473.3272008 122308.105044 -1.97527914  2.874887011 626.3867781  16.817422040
[3,]     0.2058725     -1.975279  0.05688724 -0.038939047  -0.3199925  -0.028460738
[4,]    -1.3826978      2.874887 -0.03893905  0.030035479   0.1668264  -0.004109747
[5,]   319.7113441    626.386778 -0.31999249  0.166826395  73.2265412   0.163741868
[6,]   -20.6517209     16.817422 -0.02846074 -0.004109747   0.1637419   1.641496900

$Neg2xLikelihood
[1] 3310.766

$AICc
[1] 3322.954

$evalTime
Time difference of 14.24255 mins

$convergence
[1] TRUE

