$parTable
                     Est         SE         Lower         Upper             Z            P
mu.x        5.311306e+05 266.453721  5.306083e+05  5.316528e+05  1993.3313737 0.0000000000
mu.y        4.983703e+06 272.053486  4.983170e+06  4.984236e+06 18318.8348020 0.0000000000
scale       1.981426e+03   1.388213  1.041752e+03  3.768701e+03    23.1438338 0.0000000000
shape       1.688699e+00   1.192216  1.196456e+00  2.383460e+00     2.9801907 0.0028806894
descape240 -2.803705e+01   8.403754 -4.450840e+01 -1.156569e+01    -3.3362527 0.0008491593
amuse      -7.707896e-01   1.036886 -2.803087e+00  1.261508e+00    -0.7433694 0.4572580851

$covmat
             [,1]        [,2]         [,3]        [,4]        [,5]         [,6]
[1,] 70997.585579  4650.92053 -14.08559961  2.97858696 106.2983363 -95.84698526
[2,]  4650.920562 74013.09949 -24.21305229 13.68909227 464.2527955 -32.35316809
[3,]   -14.085600   -24.21305   0.10759519 -0.05415939  -0.1683392   0.21585575
[4,]     2.978587    13.68909  -0.05415939  0.03091045   0.1187721  -0.07489777
[5,]   106.298336   464.25280  -0.16833918  0.11877207  70.6230792   1.05869203
[6,]   -95.846985   -32.35317   0.21585575 -0.07489777   1.0586920   1.07513354

$Neg2xLikelihood
[1] 3320.137

$AICc
[1] 3332.325

$evalTime
Time difference of 5.30115 mins

$convergence
[1] TRUE

