$parTable
                     Est         SE         Lower         Upper            Z           P
mu.x        5.307029e+05 284.562808  5.301452e+05  5.312607e+05  1864.976453 0.000000000
mu.y        4.983401e+06  54.503565  4.983295e+06  4.983508e+06 91432.577268 0.000000000
scale       2.526005e+03   1.275625  1.567533e+03  4.070536e+03    32.182479 0.000000000
shape       1.587619e+00   1.192409  1.124483e+00  2.241505e+00     2.626703 0.008621647
slope240    1.182849e+00   0.664740 -1.200411e-01  2.485740e+00     1.779416 0.075171504
descape240 -2.372474e+01   8.135448 -3.967021e+01 -7.779260e+00    -2.916218 0.003543031
elkuse     -1.770417e+00   1.387263 -4.489452e+00  9.486174e-01    -1.276195 0.201886650
wolfuse    -4.953009e+00   3.662712 -1.213192e+01  2.225906e+00    -1.352279 0.176285982

$covmat
              [,1]          [,2]        [,3]         [,4]          [,5]        [,6]          [,7]          [,8]
[1,]  80975.991866 -1.550969e+04  4.21601067 -4.235281407 -17.627023190 133.2097711 -45.097955032 -176.55959990
[2,] -15509.686779  2.970639e+03 -0.80687114  0.810847464   3.373038129 -25.6368550   8.636169963   33.80760957
[3,]      4.216011 -8.068711e-01  0.05926139 -0.040411058  -0.014005699  -0.3159119  -0.038538930   -0.08151754
[4,]     -4.235281  8.108475e-01 -0.04041106  0.030967377   0.009065973   0.1600714   0.001244602    0.05708871
[5,]    -17.627023  3.373038e+00 -0.01400570  0.009065973   0.441879307   1.9356163   0.416716170    0.03025259
[6,]    133.209771 -2.563685e+01 -0.31591189  0.160071382   1.935616267  66.1855084   1.823906331   -1.10397957
[7,]    -45.097955  8.636170e+00 -0.03853893  0.001244602   0.416716170   1.8239063   1.924497777   -0.16360039
[8,]   -176.559600  3.380761e+01 -0.08151754  0.057088705   0.030252590  -1.1039796  -0.163600395   13.41545707

$Neg2xLikelihood
[1] 3305.366

$AICc
[1] 3321.595

$evalTime
Time difference of 6.15265 mins

$convergence
[1] TRUE

