$parTable
                    Est          SE         Lower        Upper            Z            P
mu.x       5.307029e+05 286.0620767  5.301422e+05 5.312636e+05  1855.201954 0.0000000000
mu.y       4.983401e+06  63.7851266  4.983276e+06 4.983526e+06 78127.950153 0.0000000000
scale      2.665313e+03   1.2757777  1.653595e+03 4.296029e+03    32.387128 0.0000000000
shape      1.538008e+00   1.1971722  1.080865e+00 2.188494e+00     2.392101 0.0167522335
elev240   -9.669260e-01   0.9473024 -2.823639e+00 8.897868e-01    -1.020715 0.3073893748
slope240   1.689803e+00   0.6241529  4.664630e-01 2.913142e+00     2.707354 0.0067821956
forest240  1.606394e+00   0.4336531  7.564342e-01 2.456355e+00     3.704330 0.0002119502

$covmat
              [,1]          [,2]         [,3]         [,4]         [,5]          [,6]         [,7]
[1,]  81831.511748 -1.824651e+04  1.833221135 -2.787424157 -20.92257616 -13.244688574 -11.24934472
[2,] -18246.505758  4.068542e+03 -0.408791768  0.621541043   4.66580687   2.953585987   2.50826661
[3,]      1.833221 -4.087918e-01  0.059319485 -0.041293480  -0.04561945  -0.009320446   0.02357488
[4,]     -2.787424  6.215410e-01 -0.041293480  0.032386410   0.01351165   0.008935016  -0.01281010
[5,]    -20.922576  4.665807e+00 -0.045619454  0.013511653   0.89738191   0.206787908  -0.07355188
[6,]    -13.244689  2.953586e+00 -0.009320446  0.008935016   0.20678791   0.389566801  -0.08873542
[7,]    -11.249345  2.508267e+00  0.023574877 -0.012810102  -0.07355188  -0.088735422   0.18805505

$Neg2xLikelihood
[1] 3309.704

$AICc
[1] 3323.912

$evalTime
Time difference of 4.6748 mins

$convergence
[1] TRUE

