$parTable
                    Est          SE         Lower         Upper            Z            P
mu.x       5.307029e+05 303.9505946  5.301072e+05  5.312986e+05  1746.016990 0.000000e+00
mu.y       4.983402e+06 345.1645474  4.982725e+06  4.984078e+06 14437.756776 0.000000e+00
scale      2.742206e+03   1.2477680  1.776960e+03  4.231774e+03    35.763677 0.000000e+00
shape      1.488087e+00   1.1848135  1.067270e+00  2.074829e+00     2.343902 1.908319e-02
elev240   -1.818956e+00   0.8887439 -3.560894e+00 -7.701747e-02    -2.046659 4.069160e-02
forest240  2.015355e+00   0.4309024  1.170787e+00  2.859924e+00     4.677058 2.910205e-06

$covmat
              [,1]          [,2]        [,3]         [,4]         [,5]         [,6]
[1,] 92385.9639708  11820.350548 -2.82083501  0.186760734 -2.217768571 -25.94252371
[2,] 11820.3505514 119138.564799 -4.02901015  3.709385902 -4.535909909 -34.57648854
[3,]    -2.8208350     -4.029010  0.04899865 -0.035164962 -0.037964380   0.02211303
[4,]     0.1867607      3.709386 -0.03516496  0.028759197  0.009432493  -0.01191379
[5,]    -2.2177686     -4.535910 -0.03796438  0.009432493  0.789865712  -0.03190652
[6,]   -25.9425237    -34.576489  0.02211303 -0.011913793 -0.031906520   0.18567691

$Neg2xLikelihood
[1] 3316.977

$AICc
[1] 3329.165

$evalTime
Time difference of 6.150817 mins

$convergence
[1] TRUE

