$parTable
                    Est          SE         Lower        Upper             Z            P
mu.x       5.308890e+05 256.6964419  5.303859e+05 5.313922e+05  2068.1589344 0.000000e+00
mu.y       4.983613e+06 251.4469266  4.983120e+06 4.984106e+06 19819.7406343 0.000000e+00
scale      2.200683e+03   1.3071550  1.301836e+03 3.720134e+03    28.7341297 0.000000e+00
shape      1.665218e+00   1.1943893  1.175615e+00 2.358723e+00     2.8708087 4.094232e-03
elev240   -6.053897e-01   0.8831796 -2.336422e+00 1.125642e+00    -0.6854662 4.930498e-01
rghasp240  4.808629e+00   1.1884561  2.479255e+00 7.138003e+00     4.0461140 5.207488e-05

$covmat
             [,1]         [,2]        [,3]         [,4]          [,5]         [,6]
[1,] 65893.063269  -295.921792 13.03859788 -8.336644663 -28.954369125 -21.92985695
[2,]  -295.922001 63225.556904 -7.48901992  5.027480745  -4.600429633 -54.71845634
[3,]    13.038598    -7.489020  0.07174523 -0.045580458  -0.023863383   0.04504690
[4,]    -8.336645     5.027481 -0.04558046  0.031554182   0.005382743  -0.02023249
[5,]   -28.954369    -4.600430 -0.02386338  0.005382743   0.780006182   0.27349053
[6,]   -21.929857   -54.718456  0.04504690 -0.020232487   0.273490532   1.41242783

$Neg2xLikelihood
[1] 3329.180

$AICc
[1] 3341.367

$evalTime
Time difference of 7.003617 mins

$convergence
[1] TRUE

