$parTable
                     Est         SE         Lower         Upper            Z           P
mu.x        5.311302e+05 268.727676  5.306035e+05  5.316569e+05  1976.462671 0.000000000
mu.y        4.983703e+06 284.605850  4.983145e+06  4.984260e+06 17510.892727 0.000000000
scale       2.071641e+03   1.386121  1.092406e+03  3.928666e+03    23.387059 0.000000000
shape       1.660881e+00   1.197218  1.167129e+00  2.363512e+00     2.818594 0.004823447
descape240 -2.403504e+01   8.236335 -4.017826e+01 -7.891823e+00    -2.918172 0.003520904
rghasp240   3.473472e+00   1.216500  1.089131e+00  5.857812e+00     2.855299 0.004299632
amuse      -1.082555e+00   1.052719 -3.145883e+00  9.807739e-01    -1.028342 0.303789044

$covmat
              [,1]         [,2]         [,3]         [,4]         [,5]         [,6]         [,7]
[1,] 72214.5636648  6885.682006  -8.84451138  0.180164800 128.80797362 18.688219612 -93.71646570
[2,]  6885.6820168 81000.489606 -20.54208372 12.438281342 434.72617398 -5.126413383 -22.04976743
[3,]    -8.8445114   -20.542084   0.10660844 -0.055113612  -0.07766341  0.011043903   0.21306525
[4,]     0.1801648    12.438281  -0.05511361  0.032400132   0.07138636 -0.005224057  -0.07459187
[5,]   128.8079737   434.726174  -0.07766341  0.071386361  67.83721168  1.781204241   0.97254744
[6,]    18.6882196    -5.126413   0.01104390 -0.005224057   1.78120424  1.479872710  -0.15965563
[7,]   -93.7164657   -22.049767   0.21306525 -0.074591867   0.97254744 -0.159655631   1.10821655

$Neg2xLikelihood
[1] 3312.131

$AICc
[1] 3326.339

$evalTime
Time difference of 11.63942 mins

$convergence
[1] TRUE

