$parTable
                    Est          SE         Lower        Upper            Z            P
mu.x       5.307029e+05 315.7310051  5.300841e+05 5.313217e+05  1680.870396 0.000000e+00
mu.y       4.983402e+06 358.9659271  4.982698e+06 4.984105e+06 13882.659618 0.000000e+00
scale      2.887615e+03   1.2437304  1.883111e+03 4.427950e+03    36.532006 0.000000e+00
shape      1.457072e+00   1.1899201  1.036254e+00 2.048783e+00     2.164802 3.040284e-02
elev240   -1.118523e+00   0.9247402 -2.931014e+00 6.939679e-01    -1.209554 2.264502e-01
forest240  1.735565e+00   0.4333071  8.862829e-01 2.584847e+00     4.005392 6.191474e-05
rghasp240  3.616448e+00   1.2531047  1.160363e+00 6.072533e+00     2.885991 3.901839e-03

$covmat
             [,1]          [,2]        [,3]         [,4]          [,5]         [,6]         [,7]
[1,] 99686.067575  12907.705387  2.13921875 -3.284371649 -22.910877368 -24.81344723 -34.66311557
[2,] 12907.705343 128856.536824 -2.94178812  3.587510470 -32.766214403 -26.42156710 -57.67644676
[3,]     2.139219     -2.941788  0.04757425 -0.035388468  -0.033146983   0.01870702   0.01591409
[4,]    -3.284372      3.587510 -0.03538847  0.030236399   0.007108626  -0.01027357  -0.00645771
[5,]   -22.910877    -32.766214 -0.03314698  0.007108626   0.855144387  -0.04256482   0.34623680
[6,]   -24.813447    -26.421567  0.01870702 -0.010273570  -0.042564818   0.18775508  -0.09521028
[7,]   -34.663116    -57.676447  0.01591409 -0.006457711   0.346236801  -0.09521028   1.57027130

$Neg2xLikelihood
[1] 3308.568

$AICc
[1] 3322.776

$evalTime
Time difference of 12.74285 mins

$convergence
[1] TRUE

