$parTable
                     Est          SE         Lower         Upper            Z           P
mu.x        5.307029e+05 283.6576108  5.301470e+05  5.312589e+05  1870.927860 0.000000000
mu.y        4.983401e+06 351.4530028  4.982712e+06  4.984090e+06 14179.424152 0.000000000
scale       2.446343e+03   1.2884608  1.488599e+03  4.020286e+03    30.784774 0.000000000
shape       1.620480e+00   1.1948580  1.143152e+00  2.297120e+00     2.711508 0.006697783
slope240    1.140446e+00   0.7054153 -2.421679e-01  2.523060e+00     1.616702 0.105942709
descape240 -2.522073e+01   8.4667814 -4.181563e+01 -8.625843e+00    -2.978787 0.002893922
elkuse     -1.924833e+00   1.4304092 -4.728435e+00  8.787690e-01    -1.345652 0.178414755

$covmat
             [,1]          [,2]        [,3]         [,4]          [,5]        [,6]          [,7]
[1,] 80461.640184   6492.504208  4.08096371 -3.373935846 -32.086205588 135.2150888 -63.261936094
[2,]  6492.504167 123519.213190  1.67003560  1.121249679 -75.722085098 228.7827141 -70.583147331
[3,]     4.080964      1.670036  0.06423606 -0.042686333  -0.017200322  -0.3409870  -0.043822544
[4,]    -3.373936      1.121250 -0.04268633  0.031693725   0.009905839   0.1783668   0.002972671
[5,]   -32.086206    -75.722085 -0.01720032  0.009905839   0.497610757   1.8498714   0.477965810
[6,]   135.215089    228.782714 -0.34098702  0.178366821   1.849871408  71.6863867   1.707214812
[7,]   -63.261936    -70.583147 -0.04382254  0.002972671   0.477965810   1.7072148   2.046070500

$Neg2xLikelihood
[1] 3307.796

$AICc
[1] 3322.004

$evalTime
Time difference of 6.95605 mins

$convergence
[1] TRUE

