$parTable
                     Est          SE         Lower         Upper            Z           P
mu.x        5.307029e+05 292.1161963  5.301303e+05  5.312754e+05  1816.752664 0.000000000
mu.y        4.983402e+06 350.4672257  4.982715e+06  4.984089e+06 14219.309141 0.000000000
scale       2.604490e+03   1.2577096  1.661671e+03  4.082255e+03    34.301158 0.000000000
shape       1.544447e+00   1.1863499  1.104882e+00  2.158887e+00     2.543671 0.010969442
elev240    -9.757704e-01   0.9039299 -2.747473e+00  7.959323e-01    -1.079476 0.280375726
descape240 -2.595582e+01   8.4009781 -4.242173e+01 -9.489899e+00    -3.089618 0.002004138
rghasp240   2.939774e+00   1.2454953  4.986031e-01  5.380945e+00     2.360325 0.018258922

$covmat
             [,1]          [,2]        [,3]          [,4]          [,5]        [,6]          [,7]
[1,] 85331.872119   8650.067801  4.66691675 -4.357555e+00 -2.099869e+01 308.6214030 -14.374549634
[2,]  8650.067797 122827.276317 -4.70295560  5.233101e+00 -2.383680e+01 536.6556453 -42.802328284
[3,]     4.666917     -4.702956  0.05257497 -3.681646e-02 -2.363990e-02  -0.2450442   0.012967469
[4,]    -4.357555      5.233101 -0.03681646  2.920041e-02  8.100673e-06   0.1363293  -0.006064969
[5,]   -20.998694    -23.836805 -0.02363990  8.100673e-06  8.170893e-01   0.3192682   0.332196908
[6,]   308.621403    536.655645 -0.24504419  1.363293e-01  3.192682e-01  70.5764323   2.097115635
[7,]   -14.374550    -42.802328  0.01296747 -6.064969e-03  3.321969e-01   2.0971156   1.551258474

$Neg2xLikelihood
[1] 3307.767

$AICc
[1] 3321.975

$evalTime
Time difference of 12.34012 mins

$convergence
[1] TRUE

