$parTable
                     Est          SE         Lower         Upper            Z           P
mu.x        5.307029e+05 281.9519857  5.301503e+05  5.312556e+05  1882.245748 0.000000000
mu.y        4.983401e+06 340.5161001  4.982734e+06  4.984069e+06 14634.847488 0.000000000
scale       2.441041e+03   1.2839871  1.495533e+03  3.984318e+03    31.204439 0.000000000
shape       1.609706e+00   1.1915846  1.141673e+00  2.269611e+00     2.715888 0.006609826
elev240    -9.103013e-01   0.9402598 -2.753211e+00  9.326079e-01    -0.968138 0.332975423
slope240    1.329127e+00   0.6661149  2.354204e-02  2.634713e+00     1.995342 0.046005559
descape240 -2.520807e+01   8.5774128 -4.201980e+01 -8.396340e+00    -2.938890 0.003293905

$covmat
             [,1]          [,2]        [,3]         [,4]          [,5]          [,6]        [,7]
[1,] 79496.922253  8.673692e+03  4.40580714 -3.713525766 -33.437766856 -27.615164018 173.3903119
[2,]  8673.692293  1.159512e+05 -0.06090007  2.091150625 -47.050988455 -65.488576681 269.9702019
[3,]     4.405807 -6.090008e-02  0.06248510 -0.041430491  -0.036425581  -0.013993263  -0.3253160
[4,]    -3.713526  2.091151e+00 -0.04143049  0.030724495   0.006258625   0.009617933   0.1798386
[5,]   -33.437767 -4.705099e+01 -0.03642558  0.006258625   0.884088570   0.235508261   0.7566659
[6,]   -27.615164 -6.548858e+01 -0.01399326  0.009617933   0.235508261   0.443709108   1.6375803
[7,]   173.390312  2.699702e+02 -0.32531598  0.179838573   0.756665920   1.637580253  73.5720097

$Neg2xLikelihood
[1] 3308.833

$AICc
[1] 3323.041

$evalTime
Time difference of 4.012583 mins

$convergence
[1] TRUE

