x	y	Time	elev240	slope240	forest240	dtree240	dhigh240	descape240	rghasp240	amuse	elkuse	wolfuse	road240	ExtentFile
528385	4984622	0	1979.266	24.797	43	14.290	13.075	13.075	1.174	0.5527	3279.562	0.0000	83	f111_esum00.txt
530352	4983658	8	1970.875	14.641	64	0.000	168.450	0.000	0.958	0.8655	5189.683	0.0000	0	f111_esum00.txt
530521	4984270	17	1844.563	21.063	64	0.000	26.674	0.000	1.010	0.9817	2238.590	0.0000	32	f111_esum00.txt
528449	4985126	23	1807.625	28.391	64	0.000	13.352	0.000	1.221	0.5880	1643.252	0.0000	0	f111_esum00.txt
521943	4994126	38	2809.703	25.719	46	9.683	5.350	5.350	1.114	0.1336	18364.949	0.0000	0	f111_esum00.txt
531122	4985966	44	2310.813	21.375	59	2.732	28.164	2.732	1.139	0.8692	7586.701	0.0000	0	f111_esum00.txt
531385	4984886	51	1724.172	25.109	64	0.000	14.511	0.000	1.140	1.1273	1318.311	0.0000	123	f111_esum00.txt
530837	4984465	59	1768.344	31.609	56	3.750	2.813	2.813	1.235	1.0605	1447.721	0.0000	57	f111_msum00.txt
531332	4984781	69	1691.391	15.313	50	6.563	51.588	6.563	0.986	1.1286	1296.199	0.0000	28	f111_msum00.txt
531389	4984960	72	1777.094	29.797	64	0.000	6.207	0.000	1.182	1.1273	1353.749	0.0000	200	f111_msum00.txt
531354	4984985	75	1781.172	30.969	64	0.000	4.138	0.000	1.123	1.1083	1371.414	0.0000	0	f111_msum00.txt
532972	4982291	78	1868.859	24.922	64	0.000	16.855	0.000	1.272	0.8153	3028.898	0.0000	16	f111_msum00.txt
531413	4984998	83	1792.828	29.563	64	0.000	7.420	0.000	1.154	1.1180	1353.749	0.0000	2	f111_msum00.txt
531321	4984764	85	1686.094	12.438	50	6.563	56.774	6.563	0.939	1.1286	1296.199	0.0000	2	f111_msum00.txt
532326	4984488	91	1789.438	24.703	59	3.007	19.058	3.007	1.025	1.1953	1912.020	0.0000	41	f111_msum00.txt
532053	4985124	103	2008.953	28.375	59	2.344	2.344	2.344	1.079	1.1456	3170.106	0.0000	2	f111_msum00.txt
528842	4984212	120	1908.578	31.609	64	0.000	0.000	0.000	1.054	0.6167	2502.996	0.0000	0	f111_lsum00.txt
529176	4982630	127	2058.969	8.594	0	117.200	232.415	117.200	1.000	0.4905	5536.226	0.0000	76	f111_lsum00.txt
531592	4983325	133	2038.688	33.313	64	0.000	3.007	0.000	1.154	0.9872	5250.899	0.0000	0	f111_lsum00.txt
535637	4986258	142	2501.047	34.656	64	0.000	0.938	0.000	1.274	0.4203	9107.126	0.0000	0	f111_lsum00.txt
536196	4986817	152	2638.641	15.453	64	0.000	132.623	0.000	1.013	0.2426	18024.176	0.0000	42	f111_lsum00.txt
535265	4985579	162	2449.125	24.875	64	0.000	0.469	0.000	1.047	0.6289	9860.024	0.0000	142	f111_lsum00.txt
536394	4986360	169	2506.375	18.594	64	0.000	92.308	0.000	0.767	0.2703	14590.604	0.0000	0	f111_lsum00.txt
526490	4982741	358	2194.703	10.297	19	40.918	388.536	40.918	0.968	0.7876	7119.278	0.0005	0	f111_esum01.txt
529260	4982848	366	2024.656	16.844	51	9.123	50.223	9.123	1.133	1.2834	5306.156	0.0000	0	f111_esum01.txt
530855	4982588	376	2106.266	14.688	63	0.469	67.072	0.469	1.019	1.7001	6163.629	0.0006	0	f111_esum01.txt
533418	4986121	385	2301.969	27.344	12	73.018	0.000	0.000	1.031	1.6784	7189.712	0.0000	0	f111_esum01.txt
530922	4983597	393	2081.766	12.563	64	0.000	265.124	0.000	0.948	2.2660	6775.447	0.0000	0	f111_esum01.txt
533938	4983855	402	2234.953	18.078	64	0.000	63.560	0.000	1.005	1.7597	7796.965	0.0008	0	f111_esum01.txt
534257	4984845	408	2212.781	30.297	64	0.000	0.000	0.000	0.827	1.7782	4967.606	0.0000	0	f111_esum01.txt
527626	4985244	414	1999.391	26.656	28	24.771	9.794	9.794	1.281	0.8210	2687.325	0.0000	0	f111_esum01.txt
536736	4982083	422	2020.734	35.984	64	0.000	13.544	0.000	1.463	0.8042	3855.636	0.0005	0	f111_msum01.txt
528429	4983445	427	2013.953	14.156	64	0.000	132.599	0.000	0.872	1.1894	4350.059	0.0000	0	f111_msum01.txt
529804	4979927	443	2244.063	5.656	0	127.421	372.280	127.421	1.018	0.5133	8241.322	0.0001	0	f111_msum01.txt
531986	4987938	450	2683.422	9.250	48	11.200	185.612	11.200	1.002	0.6201	20458.295	0.0000	0	f111_msum01.txt
534353	4980579	457	2034.297	5.250	58	2.813	310.718	2.813	0.720	0.8288	6628.163	0.0000	0	f111_msum01.txt
528122	4983320	463	2099.969	14.328	33	32.961	86.958	32.961	0.915	1.0822	5395.977	0.0000	0	f111_msum01.txt
534921	4980789	468	1901.875	20.219	64	0.000	27.007	0.000	1.082	0.8050	4762.923	0.0000	0	f111_msum01.txt
534921	4980789	471	1901.875	20.219	64	0.000	27.007	0.000	1.082	0.8050	4762.923	0.0000	0	f111_msum01.txt
532379	4983995	474	1814.703	40.109	64	0.000	0.000	0.000	1.449	2.4183	1883.828	0.0000	0	f111_msum01.txt
535949	4983460	477	2194.656	30.844	64	0.000	0.000	0.000	1.235	1.1846	4340.447	0.0000	0	f111_msum01.txt
528844	4983396	480	1981.609	21.641	63	0.469	21.769	0.469	1.034	1.3289	4127.296	0.0001	0	f111_lsum01.txt
529849	4982548	482	2159.594	27.906	64	0.000	6.482	0.000	1.120	0.9223	8346.670	0.0000	0	f111_lsum01.txt
527169	4983303	485	2100.016	10.922	51	6.094	956.212	6.094	0.718	0.5271	5880.830	0.0000	0	f111_lsum01.txt
527169	4983303	488	2100.016	10.922	51	6.094	956.212	6.094	0.718	0.8955	5880.830	0.0000	0	f111_lsum01.txt
530141	4984723	491	1812.484	18.734	64	0.000	45.742	0.000	1.128	2.0294	3188.391	0.0000	0	f111_lsum01.txt
530141	4984723	494	1812.484	18.734	64	0.000	45.742	0.000	1.128	2.0294	3188.391	0.0002	0	f111_lsum01.txt
530141	4984723	497	1812.484	18.734	64	0.000	45.742	0.000	1.128	2.0294	3188.391	0.0000	0	f111_lsum01.txt
530141	4984723	500	1812.484	18.734	64	0.000	45.742	0.000	1.128	2.0294	3188.391	0.0001	0	f111_lsum01.txt
527057	4982956	507	2173.516	13.281	53	5.545	946.282	5.545	0.880	0.8730	6859.030	0.0007	0	f111_lsum01.txt
535184	4981942	513	1756.203	21.594	62	0.938	24.542	0.938	0.882	0.9864	2020.249	0.0041	0	f111_lsum01.txt
532696	4982731	518	1827.797	33.625	64	0.000	3.007	0.000	1.258	1.8691	2847.239	0.0000	0	f111_lsum01.txt
530788	4983286	533	2076.531	9.703	60	2.069	293.802	2.069	0.999	2.0866	7314.208	0.0000	0	f111_lsum01.txt
530015	4982582	729	2218.188	20.188	64	0.000	29.157	0.000	1.106	0.9288	7487.996	0.0000	0	f111_esum02.txt
533192	4981677	735	1866.609	21.891	64	0.000	18.894	0.000	1.144	0.8500	4097.117	0.0002	0	f111_esum02.txt
530218	4982534	746	2187.078	22.578	64	0.000	22.896	0.000	1.103	0.9733	6754.747	0.0000	0	f111_esum02.txt
532740	4983274	752	1754.109	30.047	64	0.000	8.163	0.000	1.120	1.2382	2770.126	0.0000	0	f111_esum02.txt
529848	4983496	766	1920.313	24.672	64	0.000	22.785	0.000	1.172	1.1286	3385.185	0.0000	0	f111_esum02.txt
531827	4985245	771	1984.563	28.031	47	9.214	3.750	3.750	1.030	1.2543	3792.766	0.0000	0	f111_esum02.txt
528811	4983541	778	1946.563	11.797	64	0.000	61.504	0.000	0.970	0.8570	3685.762	0.0000	0	f111_esum02.txt
531146	4985546	786	2086.625	33.750	63	0.469	0.000	0.000	1.084	1.0904	2717.607	0.0001	0	f111_msum02.txt
530909	4985401	790	2009.078	33.250	64	0.000	0.000	0.000	1.233	1.1270	1913.247	0.0000	0	f111_msum02.txt
530945	4985481	799	2040.719	32.547	64	0.000	0.000	0.000	1.212	1.1031	2133.299	0.0000	0	f111_msum02.txt
532130	4981549	805	1922.625	16.688	57	3.281	38.349	3.281	1.147	0.8529	3945.714	0.0000	0	f111_msum02.txt
532264	4982310	812	2003.328	32.203	64	0.000	1.600	0.000	1.205	1.0893	4686.697	0.0000	0	f111_msum02.txt
535267	4980799	814	1917.734	13.922	64	0.000	54.017	0.000	1.091	0.6342	4732.998	0.0002	0	f111_msum02.txt
532314	4982620	817	2000.531	24.469	64	0.000	12.686	0.000	1.170	1.1708	4998.637	0.0000	0	f111_msum02.txt
531041	4985004	821	1761.984	27.109	64	0.000	6.094	0.000	1.010	1.3057	1396.127	0.0009	0	f111_msum02.txt
528207	4985215	833	1895.406	26.891	55	5.156	8.082	5.156	1.143	0.4878	2403.201	0.0000	0	f111_msum02.txt
527664	4983218	841	2062.828	9.078	59	2.344	510.720	2.344	0.886	0.7235	5664.429	0.0000	0	f111_msum02.txt
534716	4980973	847	1907.531	15.750	64	0.000	50.520	0.000	0.989	0.7052	4875.121	0.0001	0	f111_lsum02.txt
528745	4982874	853	2107.500	19.094	52	8.193	67.832	8.193	1.052	0.7407	5686.496	0.0000	0	f111_lsum02.txt
528128	4982549	860	2129.234	11.703	41	14.672	256.244	14.672	0.985	0.6661	6708.229	0.0000	0	f111_lsum02.txt
539029	4980986	863	1948.844	32.672	64	0.000	0.938	0.000	1.210	0.3768	3214.318	0.0000	0	f111_lsum02.txt
530450	4985148	866	1946.891	30.828	64	0.000	0.000	0.000	1.009	0.8689	2332.136	0.0001	0	f111_lsum02.txt
527545	4978900	869	2267.922	8.719	64	0.000	534.786	0.000	0.829	0.7190	10313.299	0.0000	0	f111_lsum02.txt
527152	4986094	872	1672.750	26.484	2	97.030	9.489	9.489	1.143	0.1383	980.690	0.0001	0	f111_lsum02.txt
527152	4986094	875	1672.750	26.484	2	97.030	9.489	9.489	1.143	0.1383	980.690	0.0000	0	f111_lsum02.txt
535683	4980132	878	1982.734	21.328	55	4.882	31.930	4.882	1.130	0.4599	4041.966	0.0008	0	f111_lsum02.txt
528893	4983553	881	1939.766	9.328	64	0.000	134.276	0.000	0.932	0.8761	3558.378	0.0000	0	f111_lsum02.txt
528021	4982202	889	2177.031	11.719	45	10.895	565.824	10.895	1.021	0.6071	7680.999	0.0000	0	f111_lsum02.txt
538281	4981656	892	1929.063	28.984	64	0.000	2.813	0.000	1.069	0.5687	2654.373	0.0000	0	f111_lsum02.txt
528430	4983997	899	2017.484	27.031	33	18.348	31.448	18.348	1.219	0.7797	3800.536	0.0000	0	f111_lsum02.txt
528428	4982172	1087	2162.406	5.797	22	37.271	444.070	37.271	0.912	0.5906	6998.207	0.0004	0	f111_esum03.txt
528016	4983580	1099	2056.188	16.328	49	11.200	295.714	11.200	0.810	0.7350	4994.605	0.0000	0	f111_esum03.txt
531875	4982859	1109	2121.234	26.875	64	0.000	13.155	0.000	1.091	1.2948	7221.158	0.0000	0	f111_esum03.txt
532068	4983884	1119	1889.000	26.766	64	0.000	7.145	0.000	1.305	1.4843	3562.143	0.0000	0	f111_esum03.txt
532131	4983847	1141	1912.203	25.094	64	0.000	11.364	0.000	1.246	1.4634	3631.345	0.0000	0	f111_esum03.txt
532348	4981582	1144	1922.203	12.828	22	37.453	137.439	37.453	1.077	0.8549	4106.624	0.0001	0	f111_esum03.txt
531221	4980552	1149	2041.063	17.938	62	0.938	42.196	0.938	0.983	0.4400	5979.585	0.0001	0	f111_msum03.txt
532096	4984622	1156	1811.281	29.406	64	0.000	4.138	0.000	0.953	1.4150	2261.901	0.0000	0	f111_msum03.txt
