$parTable
                     Est         SE         Lower         Upper            Z          P
mu.x        5.307028e+05 291.050758  5.301323e+05  5.312732e+05  1823.402772 0.00000000
mu.y        4.983402e+06 347.175087  4.982722e+06  4.984083e+06 14354.146873 0.00000000
scale       2.618864e+03   1.258068  1.669908e+03  4.107080e+03    34.282534 0.00000000
shape       1.550645e+00   1.187304  1.107569e+00  2.170971e+00     2.555085 0.01061618
descape240 -3.011508e+01   8.502113 -4.677922e+01 -1.345094e+01    -3.542070 0.00039700
elkuse     -2.865283e+00   1.261726 -5.338266e+00 -3.923001e-01    -2.270923 0.02315162
wolfuse    -4.702008e+00   3.610277 -1.177815e+01  2.374136e+00    -1.302395 0.19278130

$covmat
              [,1]          [,2]        [,3]         [,4]        [,5]          [,6]          [,7]
[1,] 84710.5439424   5753.037989  0.58715855 -1.944698915 359.1473436 -19.863036629 -146.12663953
[2,]  5753.0379855 120530.540827 -1.82961544  2.798440772 574.9577454  -2.661807301  136.44156914
[3,]     0.5871585     -1.829615  0.05270579 -0.036978513  -0.3077917  -0.026431948   -0.06901603
[4,]    -1.9446989      2.798441 -0.03697851  0.029475902   0.1597420  -0.005374249    0.04992842
[5,]   359.1473436    574.957745 -0.30779174  0.159742018  72.2859273   0.131375257   -0.78483062
[6,]   -19.8630366     -2.661807 -0.02643195 -0.005374249   0.1313753   1.591952675   -0.23827538
[7,]  -146.1266395    136.441569 -0.06901603  0.049928416  -0.7848306  -0.238275383   13.03410357

$Neg2xLikelihood
[1] 3308.373

$AICc
[1] 3322.581

$evalTime
Time difference of 10.83732 mins

$convergence
[1] TRUE

