$parTable
                    Est          SE         Lower        Upper            Z            P
mu.x       5.307029e+05 285.6206165  5.301431e+05 5.312627e+05  1858.069293 0.000000e+00
mu.y       4.983402e+06 111.7795160  4.983183e+06 4.983621e+06 44582.424016 0.000000e+00
scale      2.923415e+03   1.2483199  1.892743e+03 4.515327e+03    35.980882 0.000000e+00
shape      1.462985e+00   1.1950481  1.031726e+00 2.074509e+00     2.135285 3.273770e-02
forest240  1.805572e+00   0.4267386  9.691644e-01 2.641980e+00     4.231096 2.325549e-05
rghasp240  3.254910e+00   1.2601282  7.850589e-01 5.724762e+00     2.582999 9.794553e-03
elkuse    -2.373669e+00   1.3750903 -5.068846e+00 3.215079e-01    -1.726191 8.431298e-02

$covmat
              [,1]          [,2]        [,3]         [,4]         [,5]          [,6]          [,7]
[1,]  81579.136574 -3.192653e+04  1.48111689 -2.855595600 -12.09231290 -12.774097727 -24.972511152
[2,] -31926.534279  1.249466e+04 -0.57964641  1.117551362   4.73234951   5.000225290   9.774061034
[3,]      1.481117 -5.796464e-01  0.04919460 -0.036856837   0.01981093   0.013075089  -0.041622713
[4,]     -2.855596  1.117551e+00 -0.03685684  0.031750402  -0.01018164  -0.006195963   0.004818306
[5,]    -12.092313  4.732350e+00  0.01981093 -0.010181636   0.18210580  -0.126420103  -0.102631915
[6,]    -12.774098  5.000225e+00  0.01307509 -0.006195963  -0.12642010   1.587923131   0.592693949
[7,]    -24.972511  9.774061e+00 -0.04162271  0.004818306  -0.10263192   0.592693949   1.890873381

$Neg2xLikelihood
[1] 3306.889

$AICc
[1] 3321.098

$evalTime
Time difference of 8.719633 mins

$convergence
[1] TRUE

