$parTable
                      Est           SE         Lower         Upper             Z P
mu.x         5.958379e+05 4.062340e-07  5.958379e+05  5.958379e+05  1.466736e+12 0
mu.y         5.137202e+06 4.114143e-06  5.137202e+06  5.137202e+06  1.248669e+12 0
sdx          4.416132e+03 1.024135e+00  4.214456e+03  4.627459e+03  3.519261e+02 0
sxy          8.205356e+03 1.026315e+00  7.798077e+03  8.633907e+03  3.469771e+02 0
correlation -9.144936e-01 4.631254e-03 -9.235708e-01 -9.054163e-01 -1.974613e+02 0

$covmat
              [,1]          [,2]          [,3]          [,4]          [,5]
[1,]  1.650261e-13 -1.659045e-12 -9.099499e-09 -1.052416e-08  1.629583e-09
[2,] -1.659045e-12  1.692617e-11  9.554846e-08  1.049204e-07 -1.668679e-08
[3,] -9.099499e-09  9.554846e-08  5.687658e-04  5.656114e-04 -9.555644e-05
[4,] -1.052416e-08  1.049204e-07  5.656114e-04  6.746723e-04 -1.014651e-04
[5,]  1.629583e-09 -1.668679e-08 -9.555644e-05 -1.014651e-04  2.144852e-05

$Neg2xLikelihood
[1] 124958.9

$AICc
[1] 124968.9

$evalTime
Time difference of 5.660919 hours

$convergence
[1] TRUE

