x	y	Time	d2et	slope	elevm	ExtentFile
606170.927	5151096.52	0	10	32	1233	003SCF_master_avail.txt
606961.596	5150606.58	5	0	52	1688	003SCF_master_avail.txt
606914.481	5150579.92	10	10	46	1714	003SCF_master_avail.txt
606758.094	5150089.7	15	0	63	1701	003SCF_master_avail.txt
606830.85	5150316.85	20	0	59	1723	003SCF_master_avail.txt
606764.315	5150259.55	25	0	55	1764	003SCF_master_avail.txt
607201.726	5151350.28	30	0	40	1141	003SCF_master_avail.txt
607160.636	5151460.75	50	0	40	1149	003SCF_master_avail.txt
607250.6	5151363.9	75	10	35	1095	003SCF_master_avail.txt
607325.442	5151254.44	80	0	35	1093	003SCF_master_avail.txt
607260.915	5151518.27	85	0	39	1053	003SCF_master_avail.txt
607015.08	5151229.14	95	0	45	1338	003SCF_master_avail.txt
606945.932	5150929.02	100	0	49	1453	003SCF_master_avail.txt
606933.601	5150975.47	105	0	58	1483	003SCF_master_avail.txt
606895.789	5150987.14	110	0	62	1539	003SCF_master_avail.txt
606966.865	5150525.46	120	0	48	1619	003SCF_master_avail.txt
606560.333	5149462.36	130	0	49	1722	003SCF_master_avail.txt
606595.391	5149433.14	135	0	42	1658	003SCF_master_avail.txt
606622.044	5149489.07	140	0	41	1651	003SCF_master_avail.txt
606647.674	5149384.78	145	0	39	1611	003SCF_master_avail.txt
606586.54	5149500	155	0	50	1701	003SCF_master_avail.txt
606592.64	5149502.34	160	0	46	1670	003SCF_master_avail.txt
606794.678	5149668.46	165	0	34	1622	003SCF_master_avail.txt
606771.523	5149675.64	170	10	35	1638	003SCF_master_avail.txt
606740.05	5149675.61	175	0	42	1655	003SCF_master_avail.txt
606732.879	5149690.55	180	0	51	1691	003SCF_master_avail.txt
606743.737	5149684.2	185	0	42	1655	003SCF_master_avail.txt
606766.376	5149662.75	190	10	35	1638	003SCF_master_avail.txt
606825.894	5150162.48	195	0	54	1622	003SCF_master_avail.txt
606770.384	5150176.39	205	0	62	1697	003SCF_master_avail.txt
606772.617	5150354.74	215	14	7	1783	003SCF_master_avail.txt
606356.458	5150582.25	230	22	33	1472	003SCF_master_avail.txt
606044.799	5149048.33	235	0	37	1720	003SCF_master_avail.txt
606167.57	5150367.68	240	10	35	1415	003SCF_master_avail.txt
606343.177	5150595.58	255	36	33	1469	003SCF_master_avail.txt
606275.238	5150530.72	260	0	36	1444	003SCF_master_avail.txt
606622.283	5150174.17	265	0	36	1747	003SCF_master_avail.txt
606940.739	5150570.7	270	0	54	1685	003SCF_master_avail.txt
606991.537	5150606.15	275	0	47	1621	003SCF_master_avail.txt
606989.933	5150610.04	280	0	47	1621	003SCF_master_avail.txt
607022.693	5151015.19	290	0	47	1364	003SCF_master_avail.txt
607407.092	5151020.8	295	0	44	1126	003SCF_master_avail.txt
607153.362	5151134.13	300	0	41	1225	003SCF_master_avail.txt
607361.338	5151134.24	315	0	42	1057	003SCF_master_avail.txt
607112.411	5151323.55	325	0	45	1223	003SCF_master_avail.txt
606882.81	5151288.05	335	0	48	1441	003SCF_master_avail.txt
607111.787	5151793.21	340	0	45	1123	003SCF_master_avail.txt
606966.125	5151524.48	350	0	44	1308	003SCF_master_avail.txt
606986.896	5151130.2	365	0	45	1384	003SCF_master_avail.txt
606989.113	5151134.98	370	0	44	1363	003SCF_master_avail.txt
607189.71	5151074.99	385	0	40	1186	003SCF_master_avail.txt
607168.072	5150996.59	395	0	42	1256	003SCF_master_avail.txt
606896.557	5150551.74	410	0	47	1725	003SCF_master_avail.txt
606713.627	5150130.33	420	0	58	1753	003SCF_master_avail.txt
606680.066	5149856.43	425	0	43	1796	003SCF_master_avail.txt
606543.677	5149580.28	435	0	54	1780	003SCF_master_avail.txt
606530.671	5149490.35	440	0	50	1758	003SCF_master_avail.txt
606571.232	5149541.14	445	0	53	1730	003SCF_master_avail.txt
606540.185	5149429.42	455	0	48	1709	003SCF_master_avail.txt
606688.121	5149660.29	465	0	53	1688	003SCF_master_avail.txt
606666.968	5149684.59	470	0	57	1744	003SCF_master_avail.txt
606620.848	5149644.48	475	0	52	1783	003SCF_master_avail.txt
606673.812	5149775.55	480	0	47	1792	003SCF_master_avail.txt
606733.177	5149891.75	490	0	53	1763	003SCF_master_avail.txt
606726.833	5149859.68	495	0	50	1742	003SCF_master_avail.txt
606709.17	5149991	500	0	51	1772	003SCF_master_avail.txt
606687.19	5149844.18	505	0	43	1796	003SCF_master_avail.txt
606618.252	5149617.44	510	0	54	1764	003SCF_master_avail.txt
606557.363	5149587.73	515	0	41	1811	003SCF_master_avail.txt
606591.638	5149603.04	520	0	54	1763	003SCF_master_avail.txt
606858.294	5150458.2	540	0	53	1729	003SCF_master_avail.txt
606823.252	5150443.19	545	0	32	1759	003SCF_master_avail.txt
606803.16	5150363.77	550	10	36	1774	003SCF_master_avail.txt
606678.743	5149669.78	565	0	57	1744	003SCF_master_avail.txt
606688.461	5149684.62	570	0	55	1710	003SCF_master_avail.txt
606603.443	5149630.18	575	0	51	1787	003SCF_master_avail.txt
606602.76	5149625.38	580	0	51	1787	003SCF_master_avail.txt
606616.947	5149604.33	585	0	54	1738	003SCF_master_avail.txt
606606.693	5149619.98	590	0	51	1787	003SCF_master_avail.txt
606575.965	5149577.58	595	0	55	1760	003SCF_master_avail.txt
606469.442	5149479.94	600	0	25	1802	003SCF_master_avail.txt
606544.277	5149546.12	605	0	53	1754	003SCF_master_avail.txt
606647.93	5149588.58	610	0	53	1711	003SCF_master_avail.txt
606669.93	5149647.12	615	0	57	1717	003SCF_master_avail.txt
606677.013	5149680.84	620	0	57	1744	003SCF_master_avail.txt
606692.357	5149724.96	625	0	54	1736	003SCF_master_avail.txt
606614.518	5149611.53	630	0	54	1738	003SCF_master_avail.txt
606566.599	5149586.36	635	0	55	1760	003SCF_master_avail.txt
606589.319	5149603.97	640	0	54	1763	003SCF_master_avail.txt
606562.632	5149593.68	645	0	52	1785	003SCF_master_avail.txt
606618.641	5149901.03	650	0	42	1775	003SCF_master_avail.txt
606726.192	5149896.1	655	0	53	1763	003SCF_master_avail.txt
606662.721	5149533.22	665	10	37	1638	003SCF_master_avail.txt
606571.814	5149507.98	670	0	50	1701	003SCF_master_avail.txt
606540.153	5149212.68	675	0	37	1630	003SCF_master_avail.txt
608212.631	5149402.67	685	10	34	1105	003SCF_master_avail.txt
606570.573	5149534.97	695	0	50	1710	003SCF_master_avail.txt
606607.929	5149549.64	700	0	51	1708	003SCF_master_avail.txt
606639.674	5149577.89	705	0	50	1694	003SCF_master_avail.txt
606594.638	5149344.95	710	0	39	1643	003SCF_master_avail.txt
606801.793	5148740.91	725	67	28	1325	003SCF_master_avail.txt
606400.96	5149357.78	730	0	39	1754	003SCF_master_avail.txt
606399.486	5149354.3	735	0	39	1754	003SCF_master_avail.txt
606192.072	5149099.4	740	0	37	1731	003SCF_master_avail.txt
606362.813	5149344.35	745	10	40	1758	003SCF_master_avail.txt
606478.481	5149358.56	750	0	41	1743	003SCF_master_avail.txt
606464.282	5149336.51	755	0	40	1721	003SCF_master_avail.txt
606442.612	5149346.5	760	0	42	1744	003SCF_master_avail.txt
606209.494	5149156.68	770	0	39	1754	003SCF_master_avail.txt
605992.243	5148716.91	775	0	46	1729	003SCF_master_avail.txt
605792.868	5148615.15	785	0	37	1634	003SCF_master_avail.txt
605972.773	5148688.75	790	0	38	1746	003SCF_master_avail.txt
606307.942	5149277.64	795	22	29	1715	003SCF_master_avail.txt
606474.068	5149347.58	800	0	41	1743	003SCF_master_avail.txt
606534.712	5149522.53	805	0	51	1764	003SCF_master_avail.txt
606540.486	5149543.4	810	0	53	1754	003SCF_master_avail.txt
606662.913	5149478.59	815	10	36	1613	003SCF_master_avail.txt
606290.46	5149267.65	820	22	29	1715	003SCF_master_avail.txt
606278.682	5149633.25	825	126	15	1677	003SCF_master_avail.txt
606519.801	5149497.32	830	0	50	1758	003SCF_master_avail.txt
606480.404	5149423.93	835	0	43	1796	003SCF_master_avail.txt
606541.525	5149615.4	840	14	5	1820	003SCF_master_avail.txt
606611.759	5150074.22	850	0	36	1709	003SCF_master_avail.txt
606490.748	5150015.34	855	22	32	1663	003SCF_master_avail.txt
606662.226	5150216.12	860	0	39	1751	003SCF_master_avail.txt
606488.013	5149471.52	870	0	46	1779	003SCF_master_avail.txt
606522.934	5149493.8	880	0	50	1758	003SCF_master_avail.txt
606370.316	5149573.15	885	20	28	1712	003SCF_master_avail.txt
606433.605	5149422.31	890	0	21	1814	003SCF_master_avail.txt
606486.297	5149350.61	895	0	41	1743	003SCF_master_avail.txt
606479.375	5149351.33	900	0	41	1743	003SCF_master_avail.txt
606698.104	5149441.82	910	0	37	1585	003SCF_master_avail.txt
606786.423	5149614.09	915	30	32	1623	003SCF_master_avail.txt
606743.386	5149660.53	920	0	39	1647	003SCF_master_avail.txt
606733.687	5149688.22	925	0	51	1691	003SCF_master_avail.txt
606944.277	5150631.19	935	0	52	1670	003SCF_master_avail.txt
606847.468	5150114.22	940	0	34	1577	003SCF_master_avail.txt
606816.411	5150221.5	945	0	59	1653	003SCF_master_avail.txt
606769.398	5150145.22	950	0	60	1671	003SCF_master_avail.txt
606807.191	5150047.67	955	0	46	1625	003SCF_master_avail.txt
606822.471	5149746.65	960	22	32	1632	003SCF_master_avail.txt
606894.14	5149469.34	970	0	40	1493	003SCF_master_avail.txt
607199.881	5149500.63	975	0	37	1330	003SCF_master_avail.txt
606935.334	5149614.68	980	14	34	1532	003SCF_master_avail.txt
606974.605	5149607.79	985	0	41	1488	003SCF_master_avail.txt
606644.556	5149736.8	1000	0	47	1798	003SCF_master_avail.txt
606912.26	5149660.82	1010	0	35	1555	003SCF_master_avail.txt
606971.008	5149507.07	1020	0	37	1470	003SCF_master_avail.txt
606959.593	5149501.4	1025	0	40	1486	003SCF_master_avail.txt
606942.611	5149376.09	1030	0	36	1397	003SCF_master_avail.txt
606273.462	5149273.91	1035	10	36	1731	003SCF_master_avail.txt
605322.863	5150259.28	1040	0	40	1365	003SCF_master_avail.txt
605310.746	5150294.01	1045	0	41	1347	003SCF_master_avail.txt
605310.624	5150301.05	1050	0	41	1347	003SCF_master_avail.txt
605547.856	5149988.75	1055	0	40	1485	003SCF_master_avail.txt
605365.831	5150215.93	1060	0	46	1407	003SCF_master_avail.txt
605286.012	5150348.2	1065	0	44	1321	003SCF_master_avail.txt
605295.188	5150350.18	1070	0	41	1342	003SCF_master_avail.txt
605292.094	5150042.08	1080	0	39	1314	003SCF_master_avail.txt
605216.334	5150117.33	1100	0	43	1256	003SCF_master_avail.txt
605307.678	5150338.1	1110	0	41	1342	003SCF_master_avail.txt
605596.587	5150011.33	1125	10	35	1521	003SCF_master_avail.txt
606571.781	5149203.98	1130	0	37	1604	003SCF_master_avail.txt
607170.433	5149342.54	1140	14	29	1283	003SCF_master_avail.txt
606881.305	5149849.24	1145	10	33	1595	003SCF_master_avail.txt
606841.817	5149563.48	1150	14	33	1571	003SCF_master_avail.txt
606850.88	5149659.08	1155	10	32	1586	003SCF_master_avail.txt
607003.576	5149575.6	1160	0	37	1463	003SCF_master_avail.txt
606983.946	5149600.45	1165	0	41	1488	003SCF_master_avail.txt
606983.999	5149597.46	1170	0	41	1488	003SCF_master_avail.txt
606953.86	5149826.58	1175	0	34	1544	003SCF_master_avail.txt
607091.251	5149392.35	1185	10	36	1349	003SCF_master_avail.txt
607115.64	5149315.38	1195	10	34	1284	003SCF_master_avail.txt
607154.419	5149379.95	1205	0	39	1308	003SCF_master_avail.txt
607117.62	5149377.12	1210	0	41	1320	003SCF_master_avail.txt
607516.707	5149729.35	1235	0	37	1164	003SCF_master_avail.txt
607461.083	5149836.05	1245	0	38	1239	003SCF_master_avail.txt
607342.575	5150676.75	1260	0	46	1310	003SCF_master_avail.txt
607298.29	5150663.74	1270	0	46	1359	003SCF_master_avail.txt
607373.792	5150560.86	1275	0	53	1354	003SCF_master_avail.txt
607332.076	5150662.86	1280	0	47	1335	003SCF_master_avail.txt
607338.029	5150716.79	1285	0	49	1275	003SCF_master_avail.txt
607327.599	5150612.24	1290	0	49	1336	003SCF_master_avail.txt
607300.755	5150437.68	1295	0	41	1414	003SCF_master_avail.txt
606936.888	5150484.37	1305	0	53	1639	003SCF_master_avail.txt
606886.787	5150409.3	1310	0	54	1678	003SCF_master_avail.txt
606919.436	5150211.73	1320	0	41	1548	003SCF_master_avail.txt
606757.886	5149709	1325	0	46	1665	003SCF_master_avail.txt
606725.138	5149694.22	1330	0	51	1691	003SCF_master_avail.txt
606738.956	5149650.54	1335	0	39	1647	003SCF_master_avail.txt
606663.81	5149514.9	1340	10	37	1638	003SCF_master_avail.txt
606532.08	5149278.93	1345	0	38	1675	003SCF_master_avail.txt
606874.847	5150477.09	1350	0	53	1700	003SCF_master_avail.txt
606850.894	5150486.15	1355	0	49	1733	003SCF_master_avail.txt
606824.482	5150460.49	1365	0	32	1759	003SCF_master_avail.txt
606564.748	5150172.36	1380	0	36	1714	003SCF_master_avail.txt
606560.532	5150193.89	1385	0	37	1690	003SCF_master_avail.txt
606668.604	5150202.64	1390	0	35	1777	003SCF_master_avail.txt
606690.192	5150109.92	1400	10	22	1782	003SCF_master_avail.txt
606690.9	5149938.75	1410	0	56	1772	003SCF_master_avail.txt
606608.86	5149671.42	1415	14	16	1821	003SCF_master_avail.txt
606413.653	5149640.74	1420	0	36	1727	003SCF_master_avail.txt
606489.199	5149535.15	1425	0	35	1798	003SCF_master_avail.txt
606494.713	5149527.13	1430	0	35	1798	003SCF_master_avail.txt
606483.993	5149525.59	1435	0	17	1800	003SCF_master_avail.txt
606683.933	5149942.05	1440	0	22	1801	003SCF_master_avail.txt
606510.409	5150294.47	1445	30	31	1635	003SCF_master_avail.txt
606520.703	5150276.52	1450	14	33	1656	003SCF_master_avail.txt
606512.276	5150275.57	1455	22	32	1640	003SCF_master_avail.txt
606575.379	5150178.91	1460	0	36	1714	003SCF_master_avail.txt
606627.021	5150035.66	1465	0	39	1739	003SCF_master_avail.txt
606553.754	5150186.51	1470	0	37	1696	003SCF_master_avail.txt
606559.313	5150219.57	1475	10	35	1683	003SCF_master_avail.txt
606690.105	5150071.2	1495	14	25	1782	003SCF_master_avail.txt
606686.131	5150122.6	1500	20	23	1781	003SCF_master_avail.txt
606693.379	5150103.28	1505	10	22	1782	003SCF_master_avail.txt
606614.904	5149764.29	1515	0	20	1817	003SCF_master_avail.txt
606450.576	5149373.9	1520	0	45	1769	003SCF_master_avail.txt
606478.347	5149366.19	1525	0	42	1766	003SCF_master_avail.txt
606476.565	5149380.22	1530	0	42	1766	003SCF_master_avail.txt
606393.927	5149321.1	1535	0	37	1735	003SCF_master_avail.txt
606376.325	5149274.22	1540	10	35	1704	003SCF_master_avail.txt
606480.382	5149337.72	1545	0	41	1743	003SCF_master_avail.txt
606481.869	5149340.5	1550	0	41	1743	003SCF_master_avail.txt
606483.435	5149338.7	1555	0	41	1743	003SCF_master_avail.txt
606215.202	5149269.13	1560	10	35	1772	003SCF_master_avail.txt
606215.718	5149151.94	1565	0	40	1738	003SCF_master_avail.txt
606187.507	5149140.9	1570	0	39	1754	003SCF_master_avail.txt
606194.985	5149152.28	1580	0	39	1754	003SCF_master_avail.txt
606536.98	5149568.2	1585	0	38	1808	003SCF_master_avail.txt
606691.347	5150131.48	1590	10	27	1782	003SCF_master_avail.txt
606695.086	5150137.13	1595	10	28	1786	003SCF_master_avail.txt
606701.808	5150147.72	1600	10	28	1786	003SCF_master_avail.txt
606756.522	5150309.81	1605	0	22	1785	003SCF_master_avail.txt
606700.128	5150984.79	1610	28	30	1544	003SCF_master_avail.txt
606885.997	5151063.72	1615	0	49	1558	003SCF_master_avail.txt
606929.161	5151270.72	1625	0	41	1413	003SCF_master_avail.txt
606906.917	5150312.33	1640	0	49	1625	003SCF_master_avail.txt
606905.418	5150310.3	1645	0	51	1622	003SCF_master_avail.txt
606921.017	5150296.24	1650	0	49	1593	003SCF_master_avail.txt
606806.397	5149874.79	1655	0	47	1668	003SCF_master_avail.txt
606607.201	5149460.02	1660	0	44	1662	003SCF_master_avail.txt
606609.847	5149527.88	1665	0	48	1688	003SCF_master_avail.txt
606605.126	5149534.42	1670	0	48	1688	003SCF_master_avail.txt
606629.74	5149531.59	1675	0	46	1670	003SCF_master_avail.txt
606433.206	5149401.32	1685	0	38	1804	003SCF_master_avail.txt
606494.551	5149492.67	1690	0	43	1785	003SCF_master_avail.txt
606503.842	5149488.11	1695	0	43	1785	003SCF_master_avail.txt
606482.44	5149439.17	1700	0	39	1797	003SCF_master_avail.txt
606408.378	5149416.3	1705	0	38	1795	003SCF_master_avail.txt
606502.357	5149572.71	1710	0	18	1805	003SCF_master_avail.txt
606513.275	5149562.97	1715	0	38	1808	003SCF_master_avail.txt
606511.842	5149557.13	1720	10	18	1806	003SCF_master_avail.txt
606512.264	5150276.29	1735	22	32	1640	003SCF_master_avail.txt
606522.234	5150276.73	1740	14	33	1656	003SCF_master_avail.txt
606483.344	5150262.2	1745	14	32	1627	003SCF_master_avail.txt
606389.11	5150471.01	1750	0	35	1527	003SCF_master_avail.txt
606862.503	5151090.45	1760	0	49	1545	003SCF_master_avail.txt
606851.871	5151084.05	1770	0	34	1577	003SCF_master_avail.txt
606837.763	5151144.32	1775	0	40	1533	003SCF_master_avail.txt
605296.791	5150257.83	1785	0	40	1344	003SCF_master_avail.txt
605325.771	5150268.61	1790	0	40	1367	003SCF_master_avail.txt
605340.358	5150312.59	1795	0	38	1386	003SCF_master_avail.txt
605343.95	5149840.58	1800	10	34	1336	003SCF_master_avail.txt
605070.87	5150184.42	1805	42	21	1153	003SCF_master_avail.txt
605110.975	5150306.2	1810	0	38	1150	003SCF_master_avail.txt
605286.133	5150341.22	1875	0	44	1321	003SCF_master_avail.txt
605328.68	5150366.25	1880	0	39	1360	003SCF_master_avail.txt
605172.917	5150186.57	1920	0	39	1215	003SCF_master_avail.txt
605138.083	5150380.64	1925	0	41	1193	003SCF_master_avail.txt
605130.63	5150412.13	1940	0	41	1171	003SCF_master_avail.txt
605113.371	5150300.79	1965	0	42	1176	003SCF_master_avail.txt
605323.179	5150020.06	1970	0	35	1328	003SCF_master_avail.txt
605139.607	5150337	1975	0	41	1194	003SCF_master_avail.txt
605141.299	5150372.22	1980	0	41	1193	003SCF_master_avail.txt
605083.684	5150330.87	1985	20	29	1134	003SCF_master_avail.txt
605126.506	5150340.07	1995	0	42	1172	003SCF_master_avail.txt
605148.405	5150360.79	2025	0	41	1194	003SCF_master_avail.txt
605166.854	5150359.18	2050	0	43	1215	003SCF_master_avail.txt
605146.977	5150354.62	2055	0	41	1194	003SCF_master_avail.txt
605153.857	5150356.24	2060	0	41	1194	003SCF_master_avail.txt
605365.244	5150338.03	2065	0	38	1402	003SCF_master_avail.txt
605391.258	5150210.29	2070	0	48	1431	003SCF_master_avail.txt
605412.262	5150194.16	2075	0	48	1431	003SCF_master_avail.txt
605433.918	5150184.72	2080	0	45	1451	003SCF_master_avail.txt
606042.423	5149623.47	2085	0	35	1683	003SCF_master_avail.txt
607068.3	5151561.66	2095	10	40	1224	003SCF_master_avail.txt
607116.422	5151574.28	2100	0	42	1172	003SCF_master_avail.txt
607071.021	5151581.38	2105	0	44	1213	003SCF_master_avail.txt
607177.062	5151573.38	2135	0	40	1127	003SCF_master_avail.txt
607288.222	5151232.76	2140	10	36	1104	003SCF_master_avail.txt
607330.224	5151201.07	2145	0	42	1079	003SCF_master_avail.txt
607380.245	5151236.65	2155	10	36	1056	003SCF_master_avail.txt
607546.515	5150905.32	2160	0	34	1089	003SCF_master_avail.txt
607116.111	5151548.48	2165	0	43	1177	003SCF_master_avail.txt
607189.495	5151564.66	2180	0	37	1109	003SCF_master_avail.txt
607277.266	5151157.96	2265	0	41	1100	003SCF_master_avail.txt
607256.334	5151213.28	2275	0	36	1141	003SCF_master_avail.txt
607238.196	5151197.41	2280	0	42	1142	003SCF_master_avail.txt
606994.812	5151160	2405	0	46	1383	003SCF_master_avail.txt
606972.461	5151165.39	2415	10	37	1408	003SCF_master_avail.txt
606939.224	5151135.31	2420	0	54	1411	003SCF_master_avail.txt
606760.806	5151243.54	2425	22	30	1498	003SCF_master_avail.txt
606215.023	5150945	2430	14	32	1300	003SCF_master_avail.txt
606914.368	5150629.81	2445	0	52	1703	003SCF_master_avail.txt
606875.285	5150626.43	2450	14	20	1737	003SCF_master_avail.txt
606911.808	5150557.4	2455	0	47	1725	003SCF_master_avail.txt
606904.326	5150546.41	2460	0	47	1725	003SCF_master_avail.txt
606880.381	5150598.58	2470	20	15	1745	003SCF_master_avail.txt
606802.783	5150385.15	2475	10	36	1774	003SCF_master_avail.txt
606806.003	5150333.1	2480	0	52	1767	003SCF_master_avail.txt
606932.238	5150312.82	2485	0	46	1596	003SCF_master_avail.txt
606825.219	5150375.1	2495	0	59	1741	003SCF_master_avail.txt
606681.801	5150106.92	2500	10	27	1776	003SCF_master_avail.txt
606690.783	5150119.91	2510	10	27	1782	003SCF_master_avail.txt
606788.874	5150128.9	2515	0	52	1623	003SCF_master_avail.txt
606830.464	5149946.56	2520	0	40	1620	003SCF_master_avail.txt
606243.261	5150340.67	2525	0	35	1471	003SCF_master_avail.txt
606704.502	5150125.43	2530	10	27	1782	003SCF_master_avail.txt
606655.54	5150159.9	2540	0	37	1769	003SCF_master_avail.txt
605389.247	5150193.48	2545	0	48	1431	003SCF_master_avail.txt
605385.651	5150179.58	2550	0	44	1398	003SCF_master_avail.txt
605396.84	5150198.26	2555	0	48	1431	003SCF_master_avail.txt
605421.366	5150200.3	2560	0	45	1457	003SCF_master_avail.txt
605418.581	5150183.91	2565	0	45	1451	003SCF_master_avail.txt
605319.259	5150245.8	2570	0	40	1365	003SCF_master_avail.txt
605187.79	5150125.61	2575	0	37	1236	003SCF_master_avail.txt
605201.085	5150155.69	2585	0	43	1235	003SCF_master_avail.txt
605237.887	5150158.01	2590	0	45	1288	003SCF_master_avail.txt
605256.833	5150127.8	2595	0	45	1282	003SCF_master_avail.txt
605399.2	5150194.94	2610	0	48	1431	003SCF_master_avail.txt
605597.967	5150020.26	2615	0	34	1530	003SCF_master_avail.txt
605535.731	5150156.18	2620	22	24	1519	003SCF_master_avail.txt
605388.087	5150260.26	2625	0	48	1437	003SCF_master_avail.txt
605399.991	5150193.58	2630	0	48	1431	003SCF_master_avail.txt
605660.033	5149982.41	2640	10	35	1542	003SCF_master_avail.txt
605655.501	5149978.16	2645	10	35	1542	003SCF_master_avail.txt
605698.586	5149972.39	2650	14	25	1579	003SCF_master_avail.txt
605558.585	5149989.69	2655	0	40	1485	003SCF_master_avail.txt
606128.129	5149507.19	2660	0	30	1731	003SCF_master_avail.txt
606479.801	5149502.02	2665	10	5	1806	003SCF_master_avail.txt
606609.396	5149597.24	2670	0	54	1763	003SCF_master_avail.txt
606611.122	5149586.39	2675	0	54	1735	003SCF_master_avail.txt
606563.555	5149584.86	2680	0	55	1760	003SCF_master_avail.txt
606569.062	5149577.27	2685	0	55	1760	003SCF_master_avail.txt
606529.132	5149577.98	2690	0	38	1808	003SCF_master_avail.txt
606586.075	5149570.17	2695	0	55	1760	003SCF_master_avail.txt
606606.136	5149608	2700	0	54	1763	003SCF_master_avail.txt
606637.128	5149591.68	2705	0	54	1738	003SCF_master_avail.txt
606640.236	5149589.55	2710	0	53	1711	003SCF_master_avail.txt
606580.703	5149482.68	2715	0	49	1695	003SCF_master_avail.txt
606606.289	5149599.29	2720	0	54	1763	003SCF_master_avail.txt
606579.016	5149578.7	2725	0	55	1760	003SCF_master_avail.txt
606574.203	5149590.48	2730	0	52	1785	003SCF_master_avail.txt
606498.423	5149578.17	2735	0	18	1805	003SCF_master_avail.txt
606199.504	5149201.09	2740	0	41	1778	003SCF_master_avail.txt
606482.7	5149336.84	2745	0	40	1721	003SCF_master_avail.txt
606517.862	5149564.07	2750	0	38	1808	003SCF_master_avail.txt
606519.466	5149560.13	2755	0	50	1778	003SCF_master_avail.txt
606688.671	5150109.11	2760	10	22	1782	003SCF_master_avail.txt
606874.389	5150633.74	2765	14	20	1737	003SCF_master_avail.txt
606882.236	5150624	2770	14	20	1737	003SCF_master_avail.txt
606896.371	5150562.31	2775	0	38	1732	003SCF_master_avail.txt
606887.146	5150563.12	2780	10	17	1751	003SCF_master_avail.txt
606947.652	5150570.35	2785	0	54	1685	003SCF_master_avail.txt
607020.685	5150650.62	2790	0	44	1592	003SCF_master_avail.txt
607017.059	5150638.62	2795	0	44	1592	003SCF_master_avail.txt
607046.095	5150645.97	2800	0	47	1567	003SCF_master_avail.txt
607020.297	5150629.09	2805	0	43	1599	003SCF_master_avail.txt
607060.663	5150472.88	2810	0	38	1538	003SCF_master_avail.txt
606952.243	5150614.69	2815	0	52	1670	003SCF_master_avail.txt
606962.231	5150614.13	2820	0	52	1670	003SCF_master_avail.txt
606944.891	5150639.88	2825	0	54	1653	003SCF_master_avail.txt
606945.509	5150648.37	2830	0	54	1653	003SCF_master_avail.txt
607019.861	5150653.84	2850	0	44	1592	003SCF_master_avail.txt
607040.584	5150653.79	2860	0	47	1567	003SCF_master_avail.txt
607033.325	5150412.8	2880	0	41	1535	003SCF_master_avail.txt
606860.647	5150455.35	2885	0	53	1729	003SCF_master_avail.txt
606866.207	5150488.3	2890	0	53	1713	003SCF_master_avail.txt
606867.18	5150476.6	2895	0	53	1700	003SCF_master_avail.txt
606867.419	5150463.07	2900	0	53	1700	003SCF_master_avail.txt
606786.419	5149701.56	2905	0	39	1649	003SCF_master_avail.txt
606999.579	5149541.05	2910	0	39	1462	003SCF_master_avail.txt
606846.353	5149567.41	2915	14	33	1571	003SCF_master_avail.txt
606965.692	5149503.81	2920	0	37	1470	003SCF_master_avail.txt
606677.761	5149550.97	2930	0	43	1651	003SCF_master_avail.txt
606491.707	5149304.79	2935	0	36	1697	003SCF_master_avail.txt
606498.806	5149294	2940	0	36	1697	003SCF_master_avail.txt
606499.204	5149315.07	2945	0	40	1717	003SCF_master_avail.txt
606398.053	5149260.94	2950	0	37	1682	003SCF_master_avail.txt
605354.001	5150189.94	2955	0	42	1381	003SCF_master_avail.txt
605291.12	5150275.01	2970	0	41	1346	003SCF_master_avail.txt
605383.091	5150194.4	2975	0	45	1403	003SCF_master_avail.txt
605422.863	5150511.58	3000	41	21	1390	003SCF_master_avail.txt
605374.358	5149857.6	3025	0	36	1352	003SCF_master_avail.txt
605197.958	5150203.21	3040	0	47	1241	003SCF_master_avail.txt
605016.906	5150596.94	3050	41	24	1086	003SCF_master_avail.txt
605358.094	5150263.61	3055	0	42	1388	003SCF_master_avail.txt
605473.832	5150228.74	3070	14	25	1507	003SCF_master_avail.txt
605343.492	5150043.71	3075	10	36	1350	003SCF_master_avail.txt
605332.373	5150286.21	3090	0	40	1367	003SCF_master_avail.txt
605647.635	5149989.1	3100	0	33	1551	003SCF_master_avail.txt
605620.413	5150009.56	3105	10	34	1537	003SCF_master_avail.txt
605634.602	5150032.24	3110	22	32	1544	003SCF_master_avail.txt
605610.404	5150011.33	3115	10	35	1521	003SCF_master_avail.txt
606355.654	5149358.58	3120	10	40	1761	003SCF_master_avail.txt
606479.509	5149343.74	3125	0	41	1743	003SCF_master_avail.txt
606741.632	5149367.59	3130	10	32	1540	003SCF_master_avail.txt
606878.305	5149365.94	3135	0	42	1463	003SCF_master_avail.txt
606977.473	5149140.43	3140	0	34	1344	003SCF_master_avail.txt
607024.228	5149188.17	3145	36	28	1340	003SCF_master_avail.txt
607308.043	5149244.62	3150	0	46	1198	003SCF_master_avail.txt
607309.571	5149245.02	3155	0	46	1198	003SCF_master_avail.txt
607308.085	5149242.24	3160	0	46	1198	003SCF_master_avail.txt
607290.358	5149246.2	3165	0	46	1198	003SCF_master_avail.txt
607332.595	5149288.78	3170	0	37	1202	003SCF_master_avail.txt
607302.018	5149238.03	3175	0	46	1198	003SCF_master_avail.txt
606944.593	5149437.84	3195	0	42	1460	003SCF_master_avail.txt
606950.901	5149471.93	3200	0	40	1475	003SCF_master_avail.txt
606944.519	5149572.67	3205	0	41	1502	003SCF_master_avail.txt
606962.307	5149478.07	3210	0	40	1475	003SCF_master_avail.txt
606764.307	5149780.29	3220	0	48	1674	003SCF_master_avail.txt
606689.288	5150117.64	3225	10	27	1782	003SCF_master_avail.txt
606549.661	5150157.3	3230	0	37	1697	003SCF_master_avail.txt
606562.345	5150178.09	3235	0	37	1696	003SCF_master_avail.txt
606695.167	5150132.49	3240	10	27	1782	003SCF_master_avail.txt
606868.652	5150480.2	3245	0	53	1700	003SCF_master_avail.txt
606864.533	5150583.25	3250	10	17	1751	003SCF_master_avail.txt
606878.456	5150620.72	3260	14	20	1737	003SCF_master_avail.txt
607028.671	5150633	3265	0	43	1599	003SCF_master_avail.txt
606871.018	5150999.18	3290	0	52	1587	003SCF_master_avail.txt
606761.378	5150208.4	3295	0	56	1759	003SCF_master_avail.txt
606672.952	5149737.18	3315	0	50	1783	003SCF_master_avail.txt
606720.607	5149733.63	3320	0	52	1708	003SCF_master_avail.txt
606704.981	5149749.14	3325	0	52	1755	003SCF_master_avail.txt
606710.151	5149760.7	3330	0	52	1755	003SCF_master_avail.txt
606621.759	5149679.95	3335	0	47	1803	003SCF_master_avail.txt
606560.728	5149308.75	3340	0	42	1668	003SCF_master_avail.txt
606580.696	5149439.37	3350	0	47	1689	003SCF_master_avail.txt
606588.302	5149443.37	3355	0	44	1662	003SCF_master_avail.txt
606521.913	5149202.18	3360	0	37	1617	003SCF_master_avail.txt
606625.744	5149584.3	3365	0	52	1712	003SCF_master_avail.txt
606628.574	5149597.96	3370	0	54	1738	003SCF_master_avail.txt
606594.069	5149552.05	3375	0	51	1708	003SCF_master_avail.txt
606588.68	5149552.97	3380	0	51	1708	003SCF_master_avail.txt
606676.828	5148992.83	3385	0	40	1460	003SCF_master_avail.txt
606557.964	5149422.45	3390	0	48	1709	003SCF_master_avail.txt
606517.842	5149434.04	3395	0	50	1738	003SCF_master_avail.txt
606554.973	5149417.89	3400	0	48	1709	003SCF_master_avail.txt
606394.945	5149263.07	3410	10	36	1700	003SCF_master_avail.txt
605305.18	5150216.73	3420	0	40	1342	003SCF_master_avail.txt
605122.92	5150236.97	3425	0	38	1177	003SCF_master_avail.txt
605052.814	5150163.31	3430	67	16	1148	003SCF_master_avail.txt
605415.932	5150203.79	3435	0	45	1457	003SCF_master_avail.txt
605324.637	5150289.7	3445	0	40	1368	003SCF_master_avail.txt
605433.393	5150170.73	3460	0	45	1451	003SCF_master_avail.txt
605401.827	5150220.43	3465	0	48	1435	003SCF_master_avail.txt
605398.046	5150217.2	3470	0	48	1435	003SCF_master_avail.txt
605329.164	5150294.19	3485	0	40	1368	003SCF_master_avail.txt
605219.057	5150225.84	3525	0	48	1272	003SCF_master_avail.txt
605238.602	5150249.54	3530	0	45	1298	003SCF_master_avail.txt
605199.791	5150230.26	3535	0	48	1241	003SCF_master_avail.txt
605196.063	5150223.93	3540	0	48	1241	003SCF_master_avail.txt
605216.837	5150221.07	3545	0	48	1272	003SCF_master_avail.txt
605405.955	5150247.91	3555	0	48	1437	003SCF_master_avail.txt
605426.417	5150351.29	3560	0	36	1444	003SCF_master_avail.txt
605601.358	5150398.65	3565	112	25	1422	003SCF_master_avail.txt
605323.948	5150285.18	3570	0	40	1367	003SCF_master_avail.txt
605525.162	5150101.94	3580	0	41	1502	003SCF_master_avail.txt
605527.149	5150075.96	3600	0	41	1490	003SCF_master_avail.txt
605542.268	5150045.2	3605	0	41	1503	003SCF_master_avail.txt
605217.692	5150216.04	3640	0	48	1272	003SCF_master_avail.txt
605201.282	5150188.55	3645	0	47	1241	003SCF_master_avail.txt
605238.677	5150245.22	3650	0	45	1298	003SCF_master_avail.txt
605228.53	5150166.47	3655	0	47	1268	003SCF_master_avail.txt
605232.353	5150167.33	3660	0	47	1268	003SCF_master_avail.txt
605233.761	5150174.64	3665	0	47	1268	003SCF_master_avail.txt
605343.194	5150326.04	3675	0	38	1386	003SCF_master_avail.txt
605319.115	5150298.29	3680	0	40	1368	003SCF_master_avail.txt
605319.76	5150305.34	3685	0	40	1368	003SCF_master_avail.txt
605387.591	5150244.64	3700	0	48	1437	003SCF_master_avail.txt
605398.038	5150217.63	3705	0	48	1435	003SCF_master_avail.txt
605387.371	5150213.12	3710	0	46	1407	003SCF_master_avail.txt
605409.389	5150226.95	3715	0	48	1435	003SCF_master_avail.txt
605203.856	5150217.2	3725	0	48	1241	003SCF_master_avail.txt
605216.601	5150190.39	3750	0	47	1270	003SCF_master_avail.txt
605227.058	5150207.05	3755	0	47	1270	003SCF_master_avail.txt
605233.844	5150214.11	3760	0	48	1272	003SCF_master_avail.txt
605349.267	5150241.56	3765	0	42	1386	003SCF_master_avail.txt
605463.489	5150117.31	3770	0	41	1472	003SCF_master_avail.txt
605381.092	5150221.06	3775	0	46	1407	003SCF_master_avail.txt
605404.991	5150215.05	3780	0	48	1435	003SCF_master_avail.txt
605339.062	5150298.82	3785	0	40	1389	003SCF_master_avail.txt
605352.776	5150304.66	3790	0	40	1389	003SCF_master_avail.txt
605369.824	5150295.34	3800	0	43	1411	003SCF_master_avail.txt
605139.598	5150381.79	3830	0	41	1193	003SCF_master_avail.txt
605212.459	5150207.93	3930	0	47	1270	003SCF_master_avail.txt
605167.07	5150302.45	3935	0	44	1216	003SCF_master_avail.txt
605196.226	5150214.58	3940	0	48	1241	003SCF_master_avail.txt
605200.423	5150193.81	3960	0	47	1241	003SCF_master_avail.txt
605214.499	5150223.12	3970	0	48	1272	003SCF_master_avail.txt
605219.707	5150232.62	3980	0	48	1272	003SCF_master_avail.txt
605363.698	5150029.39	3985	0	39	1360	003SCF_master_avail.txt
605379.652	5149994.7	3990	0	37	1354	003SCF_master_avail.txt
605351.218	5149996.66	3995	22	33	1338	003SCF_master_avail.txt
605353.682	5149987.36	4000	22	33	1338	003SCF_master_avail.txt
605377.652	5150021.47	4005	0	39	1360	003SCF_master_avail.txt
605342.42	5150017.04	4010	10	35	1345	003SCF_master_avail.txt
605198.064	5150197.09	4015	0	47	1241	003SCF_master_avail.txt
605208.089	5150238.66	4025	0	48	1242	003SCF_master_avail.txt
605202.777	5150190.87	4030	0	47	1241	003SCF_master_avail.txt
605358.418	5150200.81	4035	0	42	1381	003SCF_master_avail.txt
605356.855	5150246.59	4045	0	42	1386	003SCF_master_avail.txt
605343.82	5150245.82	4050	0	42	1386	003SCF_master_avail.txt
605434.861	5150174.59	4055	0	45	1451	003SCF_master_avail.txt
605318.036	5150316.24	4060	0	40	1367	003SCF_master_avail.txt
605298.617	5150329.51	4065	0	41	1344	003SCF_master_avail.txt
605300.567	5150349.79	4070	0	41	1342	003SCF_master_avail.txt
605373.836	5150196.95	4080	0	45	1403	003SCF_master_avail.txt
605639.79	5149998.79	4085	0	33	1551	003SCF_master_avail.txt
605394.487	5150156.95	4090	0	46	1415	003SCF_master_avail.txt
605417.099	5150180.8	4095	0	45	1451	003SCF_master_avail.txt
605422.492	5150179.68	4100	0	45	1451	003SCF_master_avail.txt
605553.793	5150000.42	4105	0	40	1485	003SCF_master_avail.txt
605229.018	5150182.55	4125	0	47	1268	003SCF_master_avail.txt
605428.632	5150179.67	4150	0	45	1451	003SCF_master_avail.txt
605175.164	5150322.6	4155	0	43	1215	003SCF_master_avail.txt
605223.166	5150210.19	4160	0	47	1270	003SCF_master_avail.txt
605213.99	5150208.2	4165	0	47	1270	003SCF_master_avail.txt
605204.752	5150209.76	4170	0	47	1241	003SCF_master_avail.txt
605222.275	5150173.06	4175	0	47	1268	003SCF_master_avail.txt
605283.635	5150087.19	4180	0	42	1302	003SCF_master_avail.txt
605364.458	5150383.32	4200	0	38	1399	003SCF_master_avail.txt
605199.75	5150276.91	4205	0	48	1243	003SCF_master_avail.txt
605175.455	5150217.27	4215	0	41	1217	003SCF_master_avail.txt
605242.837	5150182.39	4225	0	44	1292	003SCF_master_avail.txt
605144.935	5150295.31	4230	0	39	1195	003SCF_master_avail.txt
605177.353	5150240.6	4235	0	42	1217	003SCF_master_avail.txt
605211.868	5150153.52	4250	0	43	1235	003SCF_master_avail.txt
605356.805	5150249.45	4260	0	42	1386	003SCF_master_avail.txt
605352.208	5150293.16	4265	0	40	1389	003SCF_master_avail.txt
605313.936	5150419.71	4270	10	36	1353	003SCF_master_avail.txt
605414.685	5150893.7	4275	80	20	1241	003SCF_master_avail.txt
605013.621	5150121.77	4285	113	17	1166	003SCF_master_avail.txt
605058.963	5150295.75	4290	50	23	1122	003SCF_master_avail.txt
604882.378	5150121.18	4295	212	24	1138	003SCF_master_avail.txt
605055.368	5150281.75	4300	51	23	1132	003SCF_master_avail.txt
605211.527	5150217.46	4305	0	48	1241	003SCF_master_avail.txt
605200.129	5150210.77	4310	0	47	1241	003SCF_master_avail.txt
605211.428	5150223.17	4315	0	48	1241	003SCF_master_avail.txt
605342.905	5150210.13	4345	0	42	1381	003SCF_master_avail.txt
605398.89	5150212.8	4350	0	48	1435	003SCF_master_avail.txt
605403.38	5150219.4	4355	0	48	1435	003SCF_master_avail.txt
605368.08	5150218.99	4360	0	46	1407	003SCF_master_avail.txt
605394.41	5150205.6	4365	0	48	1431	003SCF_master_avail.txt
605651.878	5150009.93	4370	0	33	1551	003SCF_master_avail.txt
605346.735	5150254.73	4380	0	42	1386	003SCF_master_avail.txt
605388.204	5150209.36	4385	0	48	1431	003SCF_master_avail.txt
605360.254	5150227.68	4390	0	42	1384	003SCF_master_avail.txt
605424.145	5150217.06	4395	0	46	1462	003SCF_master_avail.txt
606874.701	5150224.01	4400	0	50	1599	003SCF_master_avail.txt
606694.723	5150114.1	4405	10	27	1782	003SCF_master_avail.txt
606750.048	5150285.17	4410	10	5	1794	003SCF_master_avail.txt
606750.716	5150290.85	4415	0	22	1785	003SCF_master_avail.txt
606825.737	5150955.67	4425	0	21	1622	003SCF_master_avail.txt
606839.699	5150947.28	4430	0	48	1593	003SCF_master_avail.txt
606408.204	5150782.54	4455	10	34	1450	003SCF_master_avail.txt
606321.172	5150537.38	4460	10	31	1459	003SCF_master_avail.txt
606316.616	5150534.56	4465	14	31	1470	003SCF_master_avail.txt
606325.044	5150535.42	4470	14	31	1470	003SCF_master_avail.txt
606327.16	5150546.03	4475	10	31	1459	003SCF_master_avail.txt
606320.637	5150567.87	4480	10	32	1455	003SCF_master_avail.txt
606333.264	5150548.11	4485	10	31	1459	003SCF_master_avail.txt
606317.928	5150547.31	4495	10	31	1459	003SCF_master_avail.txt
606317.832	5150552.79	4500	10	31	1459	003SCF_master_avail.txt
606314.196	5150541.26	4505	10	31	1459	003SCF_master_avail.txt
606261.631	5150431.2	4510	0	36	1459	003SCF_master_avail.txt
606717.72	5150115.85	4525	0	58	1753	003SCF_master_avail.txt
606700.34	5150100.23	4530	10	22	1782	003SCF_master_avail.txt
606581.688	5150169.29	4535	0	36	1714	003SCF_master_avail.txt
606532.019	5150200.35	4540	0	39	1671	003SCF_master_avail.txt
606540.877	5150220.4	4545	10	35	1683	003SCF_master_avail.txt
606537.186	5150212.05	4550	10	36	1667	003SCF_master_avail.txt
606556.313	5150171.89	4560	0	37	1696	003SCF_master_avail.txt
606591.679	5150212.28	4565	0	37	1715	003SCF_master_avail.txt
606565.344	5150182.11	4570	0	36	1714	003SCF_master_avail.txt
606560.883	5150173.9	4575	0	37	1696	003SCF_master_avail.txt
606565.54	5150170.94	4580	0	36	1714	003SCF_master_avail.txt
606309.243	5150517.34	4590	0	36	1460	003SCF_master_avail.txt
606327.18	5150544.89	4595	10	31	1459	003SCF_master_avail.txt
606314.296	5150535.56	4600	14	31	1470	003SCF_master_avail.txt
606318.026	5150541.71	4610	10	31	1459	003SCF_master_avail.txt
606515.678	5150256.71	4620	10	34	1662	003SCF_master_avail.txt
606541.695	5150261.24	4625	14	33	1676	003SCF_master_avail.txt
606539.354	5150176.04	4635	0	37	1696	003SCF_master_avail.txt
606670.649	5150173.66	4640	0	28	1784	003SCF_master_avail.txt
606690.071	5150116.76	4645	10	27	1782	003SCF_master_avail.txt
606484.942	5149515.27	4660	0	17	1800	003SCF_master_avail.txt
606421.74	5149573.58	4670	0	42	1749	003SCF_master_avail.txt
606420.164	5149575.88	4675	0	42	1749	003SCF_master_avail.txt
606482.51	5149522.65	4680	0	17	1800	003SCF_master_avail.txt
606620.168	5149595.82	4685	0	54	1738	003SCF_master_avail.txt
606601.949	5149584.16	4690	0	54	1735	003SCF_master_avail.txt
606613.262	5149595.64	4695	0	54	1738	003SCF_master_avail.txt
606682.899	5149826.26	4700	0	48	1798	003SCF_master_avail.txt
606800.411	5150389.11	4715	20	14	1773	003SCF_master_avail.txt
606801.751	5150356.6	4720	0	48	1768	003SCF_master_avail.txt
606827.51	5150506.47	4730	10	4	1761	003SCF_master_avail.txt
606960.936	5151514.15	4745	0	40	1333	003SCF_master_avail.txt
607056.567	5151487.29	4750	0	46	1243	003SCF_master_avail.txt
607301.275	5151102.26	4785	0	42	1113	003SCF_master_avail.txt
607298.821	5151154.22	4790	10	36	1082	003SCF_master_avail.txt
607270.617	5151100.03	4795	0	43	1131	003SCF_master_avail.txt
607320.649	5150658.03	4805	0	47	1340	003SCF_master_avail.txt
607314.038	5150684.62	4810	0	47	1335	003SCF_master_avail.txt
607261.284	5150629.75	4815	14	34	1419	003SCF_master_avail.txt
607011.166	5151450.88	4930	0	47	1288	003SCF_master_avail.txt
606988.388	5151437.05	4935	0	47	1288	003SCF_master_avail.txt
606955.821	5151499.58	4940	10	39	1338	003SCF_master_avail.txt
607271.824	5151639.03	4945	0	37	1038	003SCF_master_avail.txt
607509.79	5151115.34	4950	0	41	1028	003SCF_master_avail.txt
607007.673	5151474.86	5025	0	44	1290	003SCF_master_avail.txt
607005.892	5151488.79	5030	0	42	1288	003SCF_master_avail.txt
607272.185	5151184.93	5075	0	46	1106	003SCF_master_avail.txt
607484.799	5151183.03	5090	10	36	974	003SCF_master_avail.txt
607183.864	5151145.19	5095	0	39	1191	003SCF_master_avail.txt
607268.286	5151188.42	5100	0	44	1119	003SCF_master_avail.txt
607258.233	5151192.72	5145	0	42	1142	003SCF_master_avail.txt
607361.981	5151184.6	5150	0	39	1037	003SCF_master_avail.txt
607264.764	5150997.06	5160	0	43	1176	003SCF_master_avail.txt
607232.254	5151142.86	5170	0	42	1151	003SCF_master_avail.txt
607207.565	5151106.89	5175	0	44	1184	003SCF_master_avail.txt
607531.674	5151179.59	5185	0	47	975	003SCF_master_avail.txt
606884.886	5151257.35	5205	0	44	1466	003SCF_master_avail.txt
606856.727	5151243.96	5210	0	43	1485	003SCF_master_avail.txt
607173.873	5151883.96	5220	0	43	1031	003SCF_master_avail.txt
607099.725	5151781	5235	0	49	1131	003SCF_master_avail.txt
607224.272	5151203.65	5275	0	39	1163	003SCF_master_avail.txt
607271.586	5151175.39	5295	0	46	1106	003SCF_master_avail.txt
607315.826	5151407.54	5305	0	33	1050	003SCF_master_avail.txt
607248.203	5151412.63	5310	0	39	1096	003SCF_master_avail.txt
607142.755	5151517.17	5315	0	48	1146	003SCF_master_avail.txt
607134.838	5151530.96	5325	0	48	1170	003SCF_master_avail.txt
607131.288	5151558.14	5330	0	43	1177	003SCF_master_avail.txt
607128.748	5151788.71	5340	0	47	1100	003SCF_master_avail.txt
607331.179	5150670.18	5395	0	47	1335	003SCF_master_avail.txt
607330.1	5150644.44	5400	0	47	1340	003SCF_master_avail.txt
607296.151	5150654.5	5405	0	48	1367	003SCF_master_avail.txt
608039.593	5150669.94	5420	10	37	874	003SCF_master_avail.txt
606992.02	5151057.23	5435	0	52	1397	003SCF_master_avail.txt
606907.554	5150276.2	5450	0	53	1608	003SCF_master_avail.txt
606765.935	5150211.1	5455	0	62	1723	003SCF_master_avail.txt
606863.896	5150314.54	5460	0	50	1654	003SCF_master_avail.txt
606716.453	5150100.58	5465	0	58	1759	003SCF_master_avail.txt
606296.077	5150524.1	5485	0	36	1460	003SCF_master_avail.txt
606322.336	5150427.22	5490	14	33	1507	003SCF_master_avail.txt
605445.557	5150133.32	5495	10	42	1456	003SCF_master_avail.txt
604647.501	5150121.45	5505	76	18	1054	003SCF_master_avail.txt
605155.234	5150276.8	5515	0	39	1197	003SCF_master_avail.txt
605168.705	5150296.72	5545	0	44	1216	003SCF_master_avail.txt
605209.51	5150156.7	5555	0	43	1235	003SCF_master_avail.txt
605313.74	5150033.18	5570	0	35	1328	003SCF_master_avail.txt
605447.614	5150279.87	5635	0	33	1483	003SCF_master_avail.txt
605376.922	5150240.19	5640	0	46	1410	003SCF_master_avail.txt
605295.64	5150324.14	5650	0	41	1344	003SCF_master_avail.txt
605292.915	5150304.26	5655	0	41	1347	003SCF_master_avail.txt
606369.319	5149367.29	5660	0	38	1779	003SCF_master_avail.txt
606241.122	5149279.48	5665	0	38	1751	003SCF_master_avail.txt
607127.311	5149350.02	5670	0	40	1300	003SCF_master_avail.txt
606932.198	5149444.23	5675	0	41	1465	003SCF_master_avail.txt
606925.262	5149445.75	5685	0	41	1465	003SCF_master_avail.txt
606947.521	5149576.54	5690	0	41	1502	003SCF_master_avail.txt
607150.129	5149448.98	5695	10	35	1341	003SCF_master_avail.txt
606900.551	5149497.61	5710	10	35	1513	003SCF_master_avail.txt
607191.059	5149565.51	5715	0	38	1362	003SCF_master_avail.txt
607168.042	5149521.34	5720	0	36	1356	003SCF_master_avail.txt
607164.981	5149520.76	5725	0	36	1356	003SCF_master_avail.txt
607170.931	5149531.64	5730	0	36	1356	003SCF_master_avail.txt
607161.46	5149546.3	5735	10	35	1382	003SCF_master_avail.txt
607173.63	5149509.19	5740	0	35	1341	003SCF_master_avail.txt
607151.613	5149495.34	5745	20	31	1350	003SCF_master_avail.txt
607166.533	5149519.82	5750	0	36	1356	003SCF_master_avail.txt
607148.137	5149518.29	5755	0	36	1365	003SCF_master_avail.txt
607155.215	5149552.17	5760	10	35	1382	003SCF_master_avail.txt
606630.903	5148853.9	5770	61	22	1417	003SCF_master_avail.txt
607791.156	5149058.39	5775	0	38	1051	003SCF_master_avail.txt
607615.612	5148783.91	5780	85	26	1102	003SCF_master_avail.txt
607153.98	5149578.63	5785	10	34	1394	003SCF_master_avail.txt
607128.65	5149491.53	5795	20	31	1362	003SCF_master_avail.txt
607132.607	5149484.84	5800	22	31	1361	003SCF_master_avail.txt
607154.324	5149515.71	5805	0	36	1365	003SCF_master_avail.txt
606957.82	5149645.47	5810	20	30	1536	003SCF_master_avail.txt
606952.592	5149593.73	5815	0	39	1508	003SCF_master_avail.txt
606979.299	5149602.77	5820	0	41	1488	003SCF_master_avail.txt
606978.6	5149598.9	5825	0	41	1488	003SCF_master_avail.txt
606986.972	5149602.98	5830	0	41	1488	003SCF_master_avail.txt
606873.305	5149519.04	5835	0	35	1531	003SCF_master_avail.txt
606931.027	5149423.53	5840	0	38	1444	003SCF_master_avail.txt
606946.539	5149458.09	5845	0	42	1460	003SCF_master_avail.txt
606927.702	5149481.54	5855	0	40	1490	003SCF_master_avail.txt
606852.026	5149550.42	5860	0	37	1553	003SCF_master_avail.txt
606904.795	5149474.56	5865	0	40	1493	003SCF_master_avail.txt
606871.965	5149551.55	5875	14	32	1549	003SCF_master_avail.txt
606815.167	5149551.1	5880	0	38	1561	003SCF_master_avail.txt
607110.06	5149370.56	5890	0	41	1332	003SCF_master_avail.txt
607101.621	5149370.23	5895	0	41	1332	003SCF_master_avail.txt
607155.716	5149393.45	5900	0	38	1322	003SCF_master_avail.txt
606576.274	5149297.82	5925	0	39	1649	003SCF_master_avail.txt
606589.733	5149318.26	5930	0	38	1637	003SCF_master_avail.txt
606500.148	5149305.01	5935	0	36	1697	003SCF_master_avail.txt
606496.238	5149309.1	5940	0	36	1697	003SCF_master_avail.txt
606477.184	5149344.98	5945	0	41	1743	003SCF_master_avail.txt
606673.112	5149553.45	5955	0	43	1651	003SCF_master_avail.txt
606889.155	5150579.78	5965	0	38	1732	003SCF_master_avail.txt
606917.625	5150662.79	5970	0	59	1655	003SCF_master_avail.txt
606946.467	5150637.56	5975	0	54	1653	003SCF_master_avail.txt
606993.745	5150611.47	5980	0	47	1621	003SCF_master_avail.txt
607043.748	5150648.45	5985	0	47	1567	003SCF_master_avail.txt
607020.772	5150645.71	5990	0	44	1592	003SCF_master_avail.txt
607023.514	5150838.22	6000	0	45	1446	003SCF_master_avail.txt
606983.323	5150810.71	6010	0	50	1532	003SCF_master_avail.txt
607017.993	5150890.14	6015	0	47	1405	003SCF_master_avail.txt
607131.742	5150880.92	6025	0	38	1356	003SCF_master_avail.txt
606910.19	5150910.32	6030	0	50	1512	003SCF_master_avail.txt
606918.993	5151020.45	6035	0	57	1499	003SCF_master_avail.txt
606956.884	5150873.74	6045	0	50	1503	003SCF_master_avail.txt
606799.421	5151142.61	6050	32	24	1550	003SCF_master_avail.txt
607040.699	5150777.75	6070	0	41	1463	003SCF_master_avail.txt
606904.808	5150606.16	6080	0	34	1733	003SCF_master_avail.txt
606922.053	5150629.29	6085	0	52	1703	003SCF_master_avail.txt
607016.762	5150046.45	6090	0	37	1477	003SCF_master_avail.txt
606757.935	5150403.95	6095	0	38	1750	003SCF_master_avail.txt
606832.098	5150507.45	6100	10	4	1761	003SCF_master_avail.txt
606889.321	5150613.91	6105	0	40	1727	003SCF_master_avail.txt
606889.144	5150623.94	6110	0	40	1727	003SCF_master_avail.txt
606871.043	5150518.73	6115	0	48	1737	003SCF_master_avail.txt
606854.312	5150466.41	6120	0	49	1733	003SCF_master_avail.txt
606724.993	5150182.36	6125	0	51	1771	003SCF_master_avail.txt
606739.287	5150198.79	6130	0	56	1759	003SCF_master_avail.txt
606735.526	5150194.43	6135	0	37	1788	003SCF_master_avail.txt
606706.045	5150037.73	6140	10	34	1779	003SCF_master_avail.txt
606646.773	5149785.36	6145	10	29	1815	003SCF_master_avail.txt
606709.785	5149781.51	6150	0	51	1765	003SCF_master_avail.txt
606677.731	5149683.65	6155	0	57	1744	003SCF_master_avail.txt
606652.642	5149582.55	6160	0	50	1694	003SCF_master_avail.txt
606689.314	5149854.33	6165	0	50	1769	003SCF_master_avail.txt
606568.528	5149651.34	6170	14	6	1820	003SCF_master_avail.txt
606532.813	5149499.5	6175	0	50	1758	003SCF_master_avail.txt
606550.227	5149425.85	6180	0	48	1709	003SCF_master_avail.txt
606491.737	5149259.38	6185	0	40	1660	003SCF_master_avail.txt
606570.519	5149406.93	6190	0	46	1678	003SCF_master_avail.txt
606731.948	5150048.85	6200	0	60	1737	003SCF_master_avail.txt
606686.204	5150118.44	6210	20	23	1781	003SCF_master_avail.txt
606788.708	5150356.34	6215	0	48	1768	003SCF_master_avail.txt
606828.089	5150386.48	6225	0	59	1741	003SCF_master_avail.txt
606690.828	5150117.39	6235	10	27	1782	003SCF_master_avail.txt
606669.432	5149806.35	6240	0	48	1800	003SCF_master_avail.txt
606692.15	5149780.39	6245	0	51	1765	003SCF_master_avail.txt
606727.84	5149889.65	6250	0	53	1763	003SCF_master_avail.txt
606723.884	5149896.35	6255	0	53	1763	003SCF_master_avail.txt
606685.632	5149889.1	6260	0	19	1816	003SCF_master_avail.txt
606678.072	5149838.85	6265	0	43	1796	003SCF_master_avail.txt
606559.053	5149316.72	6270	0	44	1679	003SCF_master_avail.txt
606680.156	5149676.71	6275	0	57	1744	003SCF_master_avail.txt
606444.506	5149238.57	6280	0	39	1671	003SCF_master_avail.txt
606533.726	5149578.65	6285	0	38	1808	003SCF_master_avail.txt
606677.198	5149844.91	6290	0	43	1796	003SCF_master_avail.txt
606138.177	5149064.46	6295	10	36	1751	003SCF_master_avail.txt
606510.68	5149492.2	6300	0	43	1785	003SCF_master_avail.txt
606404.334	5149384.26	6305	0	45	1774	003SCF_master_avail.txt
606181.676	5149123.18	6310	0	38	1758	003SCF_master_avail.txt
606737.279	5150051.19	6320	0	60	1737	003SCF_master_avail.txt
606687.308	5150012.05	6330	0	23	1778	003SCF_master_avail.txt
606803.259	5150358.15	6335	0	48	1768	003SCF_master_avail.txt
606889.521	5150515.48	6340	0	53	1711	003SCF_master_avail.txt
606834.893	5150435.91	6345	0	43	1759	003SCF_master_avail.txt
606837.384	5150425.23	6350	0	43	1759	003SCF_master_avail.txt
606874.118	5150605.54	6355	20	15	1745	003SCF_master_avail.txt
606824.319	5150469.78	6360	10	21	1757	003SCF_master_avail.txt
606885.421	5150922.24	6365	0	56	1550	003SCF_master_avail.txt
607268.175	5150674.06	6375	0	46	1377	003SCF_master_avail.txt
606876.46	5150908.16	6380	0	51	1538	003SCF_master_avail.txt
606930.975	5150863.23	6385	0	50	1529	003SCF_master_avail.txt
606843.046	5150975.13	6390	14	35	1600	003SCF_master_avail.txt
606818.149	5150994.31	6395	22	15	1604	003SCF_master_avail.txt
606935.004	5151069.98	6405	0	55	1491	003SCF_master_avail.txt
606789.978	5150458.52	6410	22	19	1758	003SCF_master_avail.txt
606871.601	5150356.38	6415	0	52	1647	003SCF_master_avail.txt
606840.584	5150374.29	6420	0	59	1696	003SCF_master_avail.txt
606904.399	5150455.21	6425	0	54	1663	003SCF_master_avail.txt
606853.513	5150119.65	6430	0	34	1577	003SCF_master_avail.txt
606830.699	5150456.18	6465	0	32	1759	003SCF_master_avail.txt
606824.738	5150445.98	6470	0	32	1759	003SCF_master_avail.txt
606870.917	5150656.53	6475	10	26	1727	003SCF_master_avail.txt
606724.907	5150230.88	6480	10	10	1796	003SCF_master_avail.txt
606123.99	5149085.51	6485	22	21	1762	003SCF_master_avail.txt
606612.268	5149608.53	6490	0	54	1763	003SCF_master_avail.txt
606612.29	5149607.25	6495	0	54	1763	003SCF_master_avail.txt
606390.415	5149565.15	6500	0	37	1728	003SCF_master_avail.txt
606888.061	5150903.13	6510	0	50	1512	003SCF_master_avail.txt
606892.124	5150585.49	6515	0	38	1732	003SCF_master_avail.txt
606909.915	5150490.59	6520	0	54	1687	003SCF_master_avail.txt
606500.993	5149300.59	6525	0	36	1697	003SCF_master_avail.txt
606183.298	5149118.18	6535	0	38	1758	003SCF_master_avail.txt
606515.25	5149494.2	6540	0	50	1758	003SCF_master_avail.txt
606474.035	5149349.45	6545	0	41	1743	003SCF_master_avail.txt
606167.864	5149210.54	6550	0	35	1799	003SCF_master_avail.txt
606065.882	5149686.68	6555	10	31	1643	003SCF_master_avail.txt
606431.224	5149383.04	6560	0	47	1771	003SCF_master_avail.txt
606473.08	5149491.34	6565	10	5	1806	003SCF_master_avail.txt
606196.794	5149136.63	6570	10	37	1744	003SCF_master_avail.txt
605956.563	5148649.79	6575	20	7	1744	003SCF_master_avail.txt
605807.809	5148638.92	6580	14	34	1643	003SCF_master_avail.txt
606004.883	5148740.47	6585	10	34	1742	003SCF_master_avail.txt
605999.506	5148740.63	6590	10	34	1742	003SCF_master_avail.txt
606029.018	5148853.1	6595	14	6	1732	003SCF_master_avail.txt
606172.913	5149229.08	6600	14	26	1803	003SCF_master_avail.txt
606378.512	5149368.36	6605	0	38	1779	003SCF_master_avail.txt
606685.113	5149831.35	6610	0	48	1798	003SCF_master_avail.txt
606678.346	5149866.91	6615	0	31	1813	003SCF_master_avail.txt
606558.707	5150166.7	6620	0	37	1696	003SCF_master_avail.txt
606675.421	5149858.66	6625	0	43	1796	003SCF_master_avail.txt
605916.091	5148593.25	6630	30	26	1729	003SCF_master_avail.txt
606463.941	5149487.2	6635	10	5	1806	003SCF_master_avail.txt
606473.144	5149487.66	6640	10	5	1806	003SCF_master_avail.txt
606604.383	5149620.38	6660	0	51	1787	003SCF_master_avail.txt
606430.912	5149400.8	6665	0	38	1804	003SCF_master_avail.txt
606679.038	5149827.58	6675	0	48	1798	003SCF_master_avail.txt
606041.807	5148824.18	6680	0	40	1710	003SCF_master_avail.txt
606477.662	5149492.71	6685	10	5	1806	003SCF_master_avail.txt
605956.661	5148644.19	6700	20	7	1744	003SCF_master_avail.txt
606006.54	5148733.52	6705	0	46	1729	003SCF_master_avail.txt
606017.993	5148737.12	6710	0	46	1722	003SCF_master_avail.txt
606039.281	5148968.71	6715	0	33	1747	003SCF_master_avail.txt
606675.951	5149915.8	6725	10	21	1807	003SCF_master_avail.txt
606798.322	5150376.99	6730	10	36	1774	003SCF_master_avail.txt
606761.646	5150367.57	6735	0	38	1758	003SCF_master_avail.txt
606773.41	5150353.3	6740	14	7	1783	003SCF_master_avail.txt
606930.84	5150827.36	6750	0	51	1554	003SCF_master_avail.txt
606891.231	5150592.63	6755	0	34	1733	003SCF_master_avail.txt
606865.551	5150525.53	6760	0	48	1737	003SCF_master_avail.txt
606930.436	5150937.34	6770	0	56	1475	003SCF_master_avail.txt
606829.159	5150892.1	6775	0	38	1603	003SCF_master_avail.txt
606875.377	5151013.11	6780	0	49	1588	003SCF_master_avail.txt
606868.114	5151207.52	6785	0	47	1489	003SCF_master_avail.txt
606890.144	5151046.18	6790	0	59	1538	003SCF_master_avail.txt
606722.845	5149737.28	6795	0	51	1724	003SCF_master_avail.txt
606810.612	5150202.09	6800	0	62	1677	003SCF_master_avail.txt
606796.67	5150209.27	6805	0	62	1677	003SCF_master_avail.txt
606750.759	5150026.69	6810	0	57	1688	003SCF_master_avail.txt
608038.411	5149745.21	6815	20	30	935	003SCF_master_avail.txt
606907.49	5150454.01	6820	0	54	1663	003SCF_master_avail.txt
606708.118	5149832.63	6825	0	52	1765	003SCF_master_avail.txt
606724.746	5149890.99	6830	0	53	1763	003SCF_master_avail.txt
606379.952	5149373.85	6835	0	38	1779	003SCF_master_avail.txt
605991.096	5148738.62	6845	10	34	1742	003SCF_master_avail.txt
606582.43	5149602.87	6850	0	52	1785	003SCF_master_avail.txt
606602.599	5149590.84	6855	0	54	1763	003SCF_master_avail.txt
606491.359	5149105.96	6860	14	31	1559	003SCF_master_avail.txt
606725.297	5149685.17	6870	0	49	1682	003SCF_master_avail.txt
606730.973	5150017.01	6875	0	60	1733	003SCF_master_avail.txt
606670.54	5150048.89	6880	0	28	1772	003SCF_master_avail.txt
606916.858	5150619.22	6885	0	52	1703	003SCF_master_avail.txt
607022.005	5150967.2	6890	0	44	1359	003SCF_master_avail.txt
606483.705	5149367.1	6895	0	42	1766	003SCF_master_avail.txt
606496.671	5149546.8	6900	10	18	1806	003SCF_master_avail.txt
606554.559	5149485.17	6905	0	49	1722	003SCF_master_avail.txt
606872.653	5149599.61	6910	0	33	1566	003SCF_master_avail.txt
606762.772	5149823.92	6915	0	49	1673	003SCF_master_avail.txt
606003.338	5148741.01	6920	10	34	1742	003SCF_master_avail.txt
605988.292	5148723.32	6925	0	46	1729	003SCF_master_avail.txt
606225.278	5149307.51	6930	22	28	1769	003SCF_master_avail.txt
606626.32	5149682.52	6935	0	47	1803	003SCF_master_avail.txt
606750.919	5150017.65	6940	0	57	1688	003SCF_master_avail.txt
606899.521	5150601.32	6945	0	34	1733	003SCF_master_avail.txt
606902.604	5150600.56	6950	0	34	1733	003SCF_master_avail.txt
606805.946	5150467.05	6955	10	25	1753	003SCF_master_avail.txt
606931.814	5150685.08	6960	0	59	1655	003SCF_master_avail.txt
606844.763	5150485.63	6965	0	49	1733	003SCF_master_avail.txt
606725.561	5150150.07	6970	0	56	1758	003SCF_master_avail.txt
606732.255	5150118.6	6975	0	58	1753	003SCF_master_avail.txt
606668.551	5149812.84	6980	0	48	1798	003SCF_master_avail.txt
605959.415	5148442.5	6990	0	32	1709	003SCF_master_avail.txt
605964.555	5148763.71	6995	40	16	1742	003SCF_master_avail.txt
606002.686	5148646.5	7000	0	45	1707	003SCF_master_avail.txt
606389.884	5149376.57	7015	0	45	1774	003SCF_master_avail.txt
606570.4	5149588.47	7020	0	52	1785	003SCF_master_avail.txt
606585.747	5149632.48	7025	0	39	1811	003SCF_master_avail.txt
606364.11	5149576.86	7030	20	28	1712	003SCF_master_avail.txt
606213.131	5149255.88	7035	0	38	1772	003SCF_master_avail.txt
605968.84	5148738.11	7040	14	14	1753	003SCF_master_avail.txt
606219.847	5149223.09	7045	0	41	1767	003SCF_master_avail.txt
606304.664	5149377.08	7050	20	15	1783	003SCF_master_avail.txt
607220.714	5151101.08	7085	0	39	1159	003SCF_master_avail.txt
607189.171	5151148.88	7090	0	40	1170	003SCF_master_avail.txt
607200.756	5151101.34	7095	0	44	1184	003SCF_master_avail.txt
607221.85	5151167.03	7110	0	42	1162	003SCF_master_avail.txt
607166.511	5151128.3	7115	0	44	1207	003SCF_master_avail.txt
606813.94	5150187.48	7135	0	57	1638	003SCF_master_avail.txt
606674.989	5149795.9	7140	0	48	1800	003SCF_master_avail.txt
606583.324	5149639.32	7145	14	6	1820	003SCF_master_avail.txt
606622.607	5149675.43	7150	0	47	1803	003SCF_master_avail.txt
606549.826	5149405	7160	0	47	1704	003SCF_master_avail.txt
606547.813	5149432.19	7165	0	48	1709	003SCF_master_avail.txt
606575.646	5149639.43	7170	14	6	1820	003SCF_master_avail.txt
606328.044	5149444.69	7180	0	34	1746	003SCF_master_avail.txt
606587.795	5149603.35	7185	0	54	1763	003SCF_master_avail.txt
606605.801	5149627.08	7190	0	51	1787	003SCF_master_avail.txt
606771.998	5150346.32	7195	14	7	1783	003SCF_master_avail.txt
606863.219	5150657.82	7200	10	26	1727	003SCF_master_avail.txt
606744.931	5150314.25	7205	0	30	1775	003SCF_master_avail.txt
606877.834	5150612.44	7210	14	20	1737	003SCF_master_avail.txt
606908.393	5150620.45	7215	0	40	1727	003SCF_master_avail.txt
606688.922	5149876.62	7220	0	49	1784	003SCF_master_avail.txt
606429.005	5149334.46	7230	10	37	1731	003SCF_master_avail.txt
606566.618	5149628.96	7235	0	39	1811	003SCF_master_avail.txt
606542.033	5149586.47	7240	0	54	1780	003SCF_master_avail.txt
606538.296	5149711.81	7245	10	35	1786	003SCF_master_avail.txt
606002.678	5148734.83	7255	0	46	1729	003SCF_master_avail.txt
606615.999	5149614.59	7260	0	54	1764	003SCF_master_avail.txt
606559.408	5149689.81	7265	10	35	1786	003SCF_master_avail.txt
606683.862	5149902.47	7270	0	19	1816	003SCF_master_avail.txt
606665.218	5149565.81	7280	0	48	1669	003SCF_master_avail.txt
606569.649	5149456.47	7285	0	47	1689	003SCF_master_avail.txt
606552.037	5149453.95	7290	0	49	1714	003SCF_master_avail.txt
606749.583	5149875.46	7300	0	52	1724	003SCF_master_avail.txt
606746.615	5149869.67	7305	0	52	1724	003SCF_master_avail.txt
606755.192	5149905.69	7310	0	55	1728	003SCF_master_avail.txt
606518.363	5149797.8	7315	0	35	1738	003SCF_master_avail.txt
606906.121	5149965.55	7320	28	27	1571	003SCF_master_avail.txt
606689.706	5150224.77	7325	0	30	1784	003SCF_master_avail.txt
607042.483	5150850.57	7330	0	45	1433	003SCF_master_avail.txt
607004.214	5151018.59	7335	0	51	1393	003SCF_master_avail.txt
607057.61	5150819.74	7345	0	49	1449	003SCF_master_avail.txt
607240.985	5150952.98	7350	0	48	1237	003SCF_master_avail.txt
607215.623	5151128.57	7355	0	43	1160	003SCF_master_avail.txt
607224.017	5151131.28	7370	0	43	1160	003SCF_master_avail.txt
606930.838	5151262.68	7375	0	41	1413	003SCF_master_avail.txt
606897.721	5151182.32	7380	0	51	1476	003SCF_master_avail.txt
607008.756	5151239.55	7385	0	43	1356	003SCF_master_avail.txt
607151.408	5151418.38	7390	0	40	1163	003SCF_master_avail.txt
607137.65	5151502.08	7395	0	46	1135	003SCF_master_avail.txt
606913.311	5151603.8	7400	10	33	1326	003SCF_master_avail.txt
606878.209	5151549.06	7410	32	28	1365	003SCF_master_avail.txt
606482.533	5151313.69	7415	50	28	1313	003SCF_master_avail.txt
606984.353	5151056.81	7420	0	53	1426	003SCF_master_avail.txt
607013.515	5151143.84	7425	0	48	1356	003SCF_master_avail.txt
606973.428	5151154.07	7430	0	42	1404	003SCF_master_avail.txt
606768.423	5150898.11	7435	10	27	1613	003SCF_master_avail.txt
606843.168	5150184.06	7470	0	48	1592	003SCF_master_avail.txt
606856.015	5150369.75	7475	0	59	1696	003SCF_master_avail.txt
606969.499	5150376.11	7480	0	44	1560	003SCF_master_avail.txt
606913.21	5150173.04	7485	0	38	1541	003SCF_master_avail.txt
606818.746	5149914.57	7490	0	43	1630	003SCF_master_avail.txt
606536.157	5149396.52	7495	0	49	1729	003SCF_master_avail.txt
606552.978	5149531.48	7500	0	49	1737	003SCF_master_avail.txt
606495.458	5149397.26	7505	0	49	1760	003SCF_master_avail.txt
606452.993	5149411.12	7510	0	42	1795	003SCF_master_avail.txt
606577.271	5149634.33	7515	0	39	1811	003SCF_master_avail.txt
606605.806	5149626.8	7525	0	51	1787	003SCF_master_avail.txt
606693.603	5149872.31	7530	0	49	1784	003SCF_master_avail.txt
604529.539	5150997.99	7545	0	35	1043	003SCF_master_avail.txt
605204.425	5150184.35	7550	0	46	1238	003SCF_master_avail.txt
605224.167	5150196.7	7555	0	47	1270	003SCF_master_avail.txt
605947.51	5148684.61	7565	10	16	1748	003SCF_master_avail.txt
606555.426	5149479.51	7570	0	49	1722	003SCF_master_avail.txt
606570.568	5149491.52	7575	0	50	1701	003SCF_master_avail.txt
606688.872	5149399.33	7580	0	36	1572	003SCF_master_avail.txt
607260.152	5149174.39	7585	0	40	1200	003SCF_master_avail.txt
607237.344	5149118.36	7590	0	33	1224	003SCF_master_avail.txt
606553.267	5149427.64	7620	0	48	1709	003SCF_master_avail.txt
606587.127	5149335.52	7625	0	41	1655	003SCF_master_avail.txt
605892.45	5148188.13	7630	10	10	1702	003SCF_master_avail.txt
606130.866	5147594.63	7635	0	40	1688	003SCF_master_avail.txt
606146.63	5148054.42	7640	41	30	1581	003SCF_master_avail.txt
606144.18	5148062.79	7645	57	29	1580	003SCF_master_avail.txt
606048.632	5148609.36	7665	0	46	1652	003SCF_master_avail.txt
605992.969	5148719.27	7670	0	46	1729	003SCF_master_avail.txt
606379.177	5149374.24	7675	0	38	1779	003SCF_master_avail.txt
