$parTable
                     Est          SE        Lower        Upper            Z            P
mu.x        6.064592e+05 20.68558335 6.064186e+05 6.064997e+05 2.931796e+04 0.000000e+00
mu.y        5.150064e+06 20.81527762 5.150024e+06 5.150105e+06 2.474175e+05 0.000000e+00
sdx         6.453037e+02  1.02306537 6.170971e+02 6.747996e+02 2.837176e+02 0.000000e+00
sxy         6.480719e+02  1.02318491 6.196024e+02 6.778495e+02 2.824581e+02 0.000000e+00
correlation 1.547309e-01  0.03130542 9.337230e-02 2.160895e-01 4.942624e+00 7.707814e-07

$covmat
              [,1]          [,2]          [,3]         [,4]          [,5]
[1,]  4.278934e+02  6.680986e+01 -1.163731e-03 6.610809e-04 -7.549307e-05
[2,]  6.680986e+01  4.332758e+02 -7.662460e-05 4.484002e-03  6.502722e-04
[3,] -1.163731e-03 -7.662460e-05  5.199944e-04 1.279480e-05  7.920905e-05
[4,]  6.610809e-04  4.484002e-03  1.279480e-05 5.253365e-04  7.969762e-05
[5,] -7.549307e-05  6.502722e-04  7.920905e-05 7.969762e-05  9.800294e-04

$Neg2xLikelihood
[1] 30869.13

$AICc
[1] 30879.15

$evalTime
Time difference of 4.491106 mins

$convergence
[1] TRUE

