$parTable
                      Est          SE         Lower         Upper             Z         P
mu.x         6.060676e+05 58.90855152  6.059521e+05  6.061831e+05  1.028828e+04 0.0000000
mu.y         5.150247e+06 44.05921278  5.150161e+06  5.150334e+06  1.168938e+05 0.0000000
sdx          1.041260e+03  1.07537282  9.030326e+02  1.200646e+03  9.561627e+01 0.0000000
sxy          8.043012e+02  1.03691798  7.491343e+02  8.635307e+02  1.845366e+02 0.0000000
correlation -4.425341e-03  0.05754308 -1.172098e-01  1.083591e-01 -7.690484e-02 0.9386992
d2et        -1.752720e+01  1.56131760 -2.058738e+01 -1.446701e+01 -1.122590e+01 0.0000000
slope        3.158489e+00  0.28896955  2.592109e+00  3.724869e+00  1.093018e+01 0.0000000
elevm       -1.799461e+00  0.17357585 -2.139670e+00 -1.459252e+00 -1.036700e+01 0.0000000

$covmat
              [,1]         [,2]          [,3]          [,4]          [,5]          [,6]          [,7]         [,8]
[1,] 3470.21744263 -477.5908210 -0.7707021051 -0.0369957123  0.0817747324  2.9923779472 -1.8887876797  1.901251551
[2,] -477.59082069 1941.2142308  0.1689305670  0.7913312702 -0.7655412333 -4.0040206896 -2.0045966559 -3.385524595
[3,]   -0.77070211    0.1689306  0.0052805529  0.0001463704  0.0008632973  0.0001818660 -0.0044675766 -0.007810685
[4,]   -0.03699571    0.7913313  0.0001463704  0.0013142675 -0.0002757755 -0.0002294259  0.0002190606 -0.001804612
[5,]    0.08177473   -0.7655412  0.0008632973 -0.0002757755  0.0033112063 -0.0022272825 -0.0016570076 -0.001045060
[6,]    2.99237795   -4.0040207  0.0001818660 -0.0002294259 -0.0022272825  2.4377126421  0.2125371818  0.004618074
[7,]   -1.88878768   -2.0045967 -0.0044675766  0.0002190606 -0.0016570076  0.2125371818  0.0835033986  0.016209311
[8,]    1.90125155   -3.3855246 -0.0078106854 -0.0018046117 -0.0010450597  0.0046180742  0.0162093109  0.030128575

$Neg2xLikelihood
[1] 29524.92

$AICc
[1] 29540.95

$evalTime
Time difference of 7.800085 hours

$convergence
[1] FALSE

