$parTable
                      Est          SE         Lower         Upper             Z         P
mu.x         6.061513e+05 28.95037913  6.060946e+05  6.062081e+05  20937.594889 0.0000000
mu.y         5.149995e+06 28.45793472  5.149939e+06  5.150051e+06 180968.683477 0.0000000
sdx          7.247596e+02  1.03273546  6.804173e+02  7.719917e+02    204.458888 0.0000000
sxy          7.154384e+02  1.02929757  6.760705e+02  7.570987e+02    227.620169 0.0000000
correlation  5.437337e-02  0.04097128 -2.593034e-02  1.346771e-01      1.327109 0.1844725
d2et        -1.701997e+01  1.54382405 -2.004586e+01 -1.399407e+01    -11.024552 0.0000000
slope        4.254055e+00  0.28597889  3.693536e+00  4.814573e+00     14.875415 0.0000000

$covmat
             [,1]         [,2]          [,3]          [,4]          [,5]         [,6]          [,7]
[1,] 838.12445200  86.77944909 -2.586590e-01  2.192795e-02 -0.3033261903  0.950547139 -1.4509091910
[2,]  86.77944906 809.85404838 -1.910330e-01 -3.082216e-02 -0.4471024983 -2.448407649 -0.9376917361
[3,]  -0.25865903  -0.19103299  1.037553e-03 -2.599679e-05  0.0001127675  0.001142005  0.0006547599
[4,]   0.02192795  -0.03082216 -2.599679e-05  8.338577e-04 -0.0002314127  0.000559442  0.0012868653
[5,]  -0.30332619  -0.44710250  1.127675e-04 -2.314127e-04  0.0016786460 -0.001737997 -0.0009267034
[6,]   0.95054714  -2.44840765  1.142005e-03  5.594421e-04 -0.0017379974  2.383392706  0.2176252376
[7,]  -1.45090919  -0.93769174  6.547599e-04  1.286865e-03 -0.0009267034  0.217625238  0.0817839242

$Neg2xLikelihood
[1] 29628.54

$AICc
[1] 29642.56

$evalTime
Time difference of 4.332847 hours

$convergence
[1] TRUE

