x	y	Time	descape240	rghasp240	rghsq	elksum240	elksq	slope240	slopesq	forest240	elev240	edgeden240	road240	ExtentFile
523309	4974970	0	0	1.112	1.237	2554.406	6524992	25.391	644.684	64	2347	0.003	0	f5_AvailabilityGrid.txt
529509	4975580	7	0	0.887	0.787	2098.678	4404450	15.578	242.678	64	2066	0	0	f5_AvailabilityGrid.txt
525189	4974700	18	0	1.109	1.231	1696.026	2876506	22.047	486.065	64	2115	0	0	f5_AvailabilityGrid.txt
525979	4969290	23	0	0.812	0.659	3602.424	12977460	5.188	26.91	64	2387	0.002	0	f5_AvailabilityGrid.txt
529159	4968570	31	0	0.726	0.527	2441.219	5959550	5.953	35.44	64	2198	0	0	f5_AvailabilityGrid.txt
528759	4969200	37	0	1.004	1.009	2241.817	5025743	9.297	86.432	64	2214	0	0	f5_AvailabilityGrid.txt
530399	4968590	42	0	0.754	0.568	4133.47	17085570	3.063	9.379	64	2465	0.002	0	f5_AvailabilityGrid.txt
533039	4969780	48	0	0.951	0.904	3386.181	11466220	7.813	61.035	64	2437	0	0	f5_AvailabilityGrid.txt
527759	4971080	55	0	1.002	1.004	2775.155	7701484	9.766	95.367	64	2299	0	0	f5_AvailabilityGrid.txt
539259	4968020	63	0	1.042	1.086	5518.954	30458850	14.281	203.954	64	2527	0	0	f5_AvailabilityGrid.txt
532239	4967950	73	0	0.925	0.855	3299.014	10883490	15.859	251.52	64	2612	0.003	0	f5_AvailabilityGrid.txt
535949	4968400	76	3.007	0.802	0.643	3482.873	12130400	15.609	243.653	59	2730	0.004	0	f5_AvailabilityGrid.txt
535679	4968490	83	0	0.865	0.748	2064.15	4260716	14.359	206.192	64	2733	0	0	f5_AvailabilityGrid.txt
538099	4965860	90	0	1.05	1.103	5503.06	30283670	17.016	289.531	64	2498	0	0	f5_AvailabilityGrid.txt
528399	4960120	97	0	1.207	1.457	3550.595	12606730	19.359	374.785	64	2476	0	0	f5_AvailabilityGrid.txt
525639	4977380	135	18.897	1.07	1.145	2248.319	5054940	21.063	443.629	23	1983	0.004	0	f5_AvailabilityGrid.txt
525509	4977880	139	0	0.896	0.802	1467.428	2153345	14.484	209.797	64	1903	0.004	0	f5_AvailabilityGrid.txt
525229	4978020	142	9.516	1.094	1.197	1063.319	1130648	15.969	255.001	50	1841	0.004	0	f5_AvailabilityGrid.txt
524959	4975920	147	0	1.031	1.063	1920.046	3686575	18.219	331.923	64	2183	0.002	0	f5_AvailabilityGrid.txt
523169	4972570	160	0	0.783	0.612	2886.774	8333467	9.078	82.412	64	2236	0	0	f5_AvailabilityGrid.txt
537749	4981700	363	0	1.034	1.069	1335.835	1784454	16.625	276.391	64	2058	0	0	f5_AvailabilityGrid.txt
537749	4981680	372	0	1.034	1.069	1629.058	2653830	16.625	276.391	64	2058	0	0	f5_AvailabilityGrid.txt
537749	4981680	373	0	1.034	1.069	1629.058	2653830	16.625	276.391	64	2058	0	0	f5_AvailabilityGrid.txt
537749	4981680	374	0	1.034	1.069	1629.058	2653830	16.625	276.391	64	2058	0	0	f5_AvailabilityGrid.txt
537749	4981680	375	0	1.034	1.069	1629.058	2653830	16.625	276.391	64	2058	0	0	f5_AvailabilityGrid.txt
537749	4981680	376	0	1.034	1.069	1629.058	2653830	16.625	276.391	64	2058	0	0	f5_AvailabilityGrid.txt
537749	4981680	378	0	1.034	1.069	1629.058	2653830	16.625	276.391	64	2058	0	0	f5_AvailabilityGrid.txt
537759	4981630	382	0	1.034	1.069	1918.978	3682478	16.625	276.391	64	2058	0	0	f5_AvailabilityGrid.txt
536949	4981470	388	0	1.074	1.154	2977.71	8866757	12.469	155.47	64	2122	0	0	f5_AvailabilityGrid.txt
536949	4981470	394	0	1.074	1.154	2977.71	8866757	12.469	155.47	64	2122	0	0	f5_AvailabilityGrid.txt
525999	4976250	398	0	0.912	0.832	1831.233	3353413	16.609	275.871	64	2197	0	0	f5_AvailabilityGrid.txt
526059	4976280	399	0	0.912	0.832	2438.99	5948671	16.609	275.871	64	2180	0	0	f5_AvailabilityGrid.txt
525249	4975060	401	2.813	1.378	1.899	479.63	230045	36.234	1312.93	55	2132	0.002	0	f5_AvailabilityGrid.txt
525769	4975820	402	1.406	1.064	1.133	2618.765	6857930	18.016	324.563	61	2179	0.003	0	f5_AvailabilityGrid.txt
525499	4975170	403	22.011	0.849	0.72	4551.332	20714620	14.641	214.348	32	2195	0.009	0	f5_AvailabilityGrid.txt
525499	4975170	404	22.011	0.849	0.72	4551.332	20714620	14.641	214.348	32	2195	0.009	0	f5_AvailabilityGrid.txt
525759	4976120	406	0.938	1.36	1.848	583.215	340139.8	36.844	1357.462	62	2115	0.003	0	f5_AvailabilityGrid.txt
525499	4975170	409	22.011	0.849	0.72	4551.332	20714620	14.641	214.348	32	2195	0.009	0	f5_AvailabilityGrid.txt
526059	4976280	410	0	0.912	0.832	2438.99	5948671	16.609	275.871	64	2180	0	0	f5_AvailabilityGrid.txt
525499	4975170	411	22.011	0.849	0.72	4551.332	20714620	14.641	214.348	32	2195	0.009	0	f5_AvailabilityGrid.txt
527989	4977910	412	2.538	1.217	1.481	2037.809	4152667	30.547	933.112	36	2090	0.01	0	f5_AvailabilityGrid.txt
525509	4975040	413	53.756	0.854	0.729	4381.809	19200250	14	196	21	2204	0.006	0	f5_AvailabilityGrid.txt
531009	4980650	414	11.719	0.989	0.979	5883.454	34615030	13.281	176.392	47	2040	0.004	0	f5_AvailabilityGrid.txt
538059	4982710	415	30.822	0.86	0.74	302.817	91698.22	22.672	514.014	33	1767	0.005	0	f5_AvailabilityGrid.txt
533789	4982120	416	0	1.22	1.488	196.767	38717.2	31.781	1010.048	64	1840	0.004	0	f5_AvailabilityGrid.txt
527559	4978160	421	0	1.238	1.534	2540.45	6453887	30.141	908.457	39	2089	0.008	0	f5_AvailabilityGrid.txt
543439	4968330	430	0	0.641	0.411	6962.598	48477770	1.828	3.342	64	2349	0.004	0	f5_AvailabilityGrid.txt
528649	4968880	435	0	1.107	1.225	2027.016	4108795	16.469	271.22	64	2245	0	0	f5_AvailabilityGrid.txt
532379	4961170	444	0	1.017	1.035	1967.075	3869385	16.688	278.473	64	2670	0	0	f5_AvailabilityGrid.txt
530679	4964070	447	0	1.139	1.297	2665.7	7105955	28.078	788.381	64	2494	0	0	f5_AvailabilityGrid.txt
540189	4965670	459	0	1.01	1.021	5773.663	33335190	7.141	50.989	64	2497	0	0	f5_AvailabilityGrid.txt
535649	4966050	464	0	0.628	0.395	3463.311	11994530	3.047	9.283	64	2564	0	0	f5_AvailabilityGrid.txt
540079	4968010	468	0	0.961	0.923	5719.613	32713970	12.969	168.188	64	2527	0	0	f5_AvailabilityGrid.txt
528549	4958660	484	0	0.977	0.955	3773.026	14235720	10.156	103.149	64	2517	0	0	f5_AvailabilityGrid.txt
543639	4968340	490	0.469	0.833	0.694	5895.329	34754900	7.375	54.391	63	2323	0.005	0	f5_AvailabilityGrid.txt
542959	4967240	496	0	0.86	0.739	3530.572	12464940	9.75	95.063	64	2144	0	0	f5_AvailabilityGrid.txt
540099	4963370	505	0	0.755	0.57	6402.167	40987740	7.563	57.191	64	2510	0	0	f5_AvailabilityGrid.txt
540639	4959170	513	0	0.981	0.962	2185.12	4774751	21.453	460.237	64	2691	0	0	f5_AvailabilityGrid.txt
546259	4969360	524	0	1.022	1.045	1180.534	1393660	12.516	156.641	64	2063	0	0	f5_AvailabilityGrid.txt
531039	4983410	734	0	1.009	1.019	2544.829	6476153	9.016	81.281	64	2118	0	0	f5_AvailabilityGrid.txt
529589	4979210	745	0.938	0.969	0.94	5810.999	33767700	9.484	89.953	62	2267	0.005	0	f5_AvailabilityGrid.txt
525839	4982210	752	0	0.876	0.767	5968.984	35628780	10.313	106.348	64	2205	0.006	0	f5_AvailabilityGrid.txt
527419	4976300	755	0	1.191	1.419	1019.517	1039415	21.469	460.907	64	2093	0	0	f5_AvailabilityGrid.txt
530439	4965460	763	9.02	1.121	1.258	1767.383	3123642	24.984	624.219	46	2463	0.004	0	f5_AvailabilityGrid.txt
529509	4965810	771	0	1.099	1.208	2845.222	8095288	15.938	254.004	64	2259	0	0	f5_AvailabilityGrid.txt
529539	4965060	776	0	0.934	0.872	2587.204	6693623	15.469	239.282	64	2305	0	0	f5_AvailabilityGrid.txt
529539	4964960	781	0	0.966	0.933	2666.891	7112306	28.609	818.496	64	2363	0	0	f5_AvailabilityGrid.txt
528339	4960960	783	0	1.104	1.218	2855.275	8152598	26.859	721.426	64	2467	0	0	f5_AvailabilityGrid.txt
525339	4964510	785	0	1.069	1.142	3382.115	11438700	8.063	65.004	64	2511	0	0	f5_AvailabilityGrid.txt
526189	4965560	791	0	0.845	0.714	4819.076	23223500	3.438	11.816	64	2468	0	0	f5_AvailabilityGrid.txt
529509	4964980	797	0	1.062	1.127	2674.672	7153873	24.453	597.955	64	2429	0	0	f5_AvailabilityGrid.txt
529739	4965280	800	0	0.992	0.985	4554.668	20745000	13.125	172.266	64	2280	0	0	f5_AvailabilityGrid.txt
529539	4964860	804	0	0.966	0.933	2760.948	7622837	28.609	818.496	64	2363	0	0	f5_AvailabilityGrid.txt
528189	4963140	811	0	0.824	0.679	3547.986	12588200	4.125	17.016	64	2527	0	0	f5_AvailabilityGrid.txt
526559	4960300	815	0	1.014	1.028	2688.669	7228940	18.828	354.498	64	2395	0.002	0	f5_AvailabilityGrid.txt
528139	4962690	819	0	0.949	0.9	3547.89	12587520	3.234	10.461	64	2524	0	0	f5_AvailabilityGrid.txt
526639	4961580	825	0	1.047	1.096	2196.384	4824103	17.313	299.723	64	2418	0	0	f5_AvailabilityGrid.txt
526919	4959450	832	0	1.062	1.127	2145.188	4601831	12.719	161.767	64	2418	0	0	f5_AvailabilityGrid.txt
525599	4958010	839	0	0.728	0.53	3535.189	12497560	10.969	120.313	64	2317	0	0	f5_AvailabilityGrid.txt
526159	4959110	846	0	0.92	0.847	3565.148	12710280	6.531	42.657	64	2351	0	0	f5_AvailabilityGrid.txt
526249	4959300	847	0	0.921	0.849	3993.794	15950390	10.203	104.104	64	2365	0	0	f5_AvailabilityGrid.txt
527059	4959310	848	0	1.24	1.538	2341.735	5483725	19.203	368.76	64	2418	0	0	f5_AvailabilityGrid.txt
525409	4960110	853	0	0.679	0.461	4349.879	18921450	4.734	22.414	64	2378	0.002	0	f5_AvailabilityGrid.txt
523379	4960730	860	0	0.943	0.889	3253.245	10583600	10.656	113.556	64	2389	0	0	f5_AvailabilityGrid.txt
522589	4963360	864	0	0.992	0.985	3479.088	12104050	7.766	60.305	64	2473	0	0	f5_AvailabilityGrid.txt
525259	4962840	868	6.288	0.945	0.894	3617.584	13086920	7.609	57.903	53	2410	0.001	0	f5_AvailabilityGrid.txt
523539	4961660	874	0	0.878	0.771	3186.61	10154480	4.953	24.533	64	2472	0	0	f5_AvailabilityGrid.txt
523539	4961210	875	0	0.853	0.728	3585.799	12857960	4.547	20.674	64	2431	0	0	f5_AvailabilityGrid.txt
523509	4960790	879	0	0.943	0.889	3324.39	11051570	10.656	113.556	64	2389	0	0	f5_AvailabilityGrid.txt
524039	4961460	881	0	0.886	0.785	3626.365	13150520	2.078	4.319	64	2451	0	0	f5_AvailabilityGrid.txt
526739	4960260	888	0	1.197	1.433	2319.775	5381357	21.328	454.889	64	2398	0	0	f5_AvailabilityGrid.txt
524379	4958840	897	15.884	0.888	0.788	7223.622	52180710	6.844	46.837	44	2322	0.004	0	f5_AvailabilityGrid.txt
522479	4960380	900	0	0.934	0.873	3551.528	12613350	8.547	73.049	64	2395	0	0	f5_AvailabilityGrid.txt
522279	4971950	909	0	0.339	0.115	2611.465	6819749	0.172	0.03	64	2235	0	0	f5_AvailabilityGrid.txt
533889	4984010	1093	0	0.878	0.772	3547.591	12585400	17.969	322.876	64	2243	0	0	f5_AvailabilityGrid.txt
533639	4984160	1094	0	0.949	0.901	2549.909	6502037	15.047	226.408	64	2171	0	0	f5_AvailabilityGrid.txt
533489	4984210	1095	0	1.122	1.258	1391.996	1937653	27.063	732.379	64	2053	0	0	f5_AvailabilityGrid.txt
527489	4979930	1095	0	1.109	1.23	3417.592	11679940	13.938	194.254	64	2334	0.001	0	f5_AvailabilityGrid.txt
534289	4983010	1096	0	1.159	1.344	2264.927	5129896	23.531	553.72	64	2033	0.003	0	f5_AvailabilityGrid.txt
534289	4983010	1097	0	1.159	1.344	2264.927	5129896	23.531	553.72	64	2033	0.003	0	f5_AvailabilityGrid.txt
535489	4983010	1098	0	1.219	1.486	853.795	728966.6	26	676	64	1951	0.001	0	f5_AvailabilityGrid.txt
535479	4984010	1099	0	1.227	1.505	2322.002	5391693	27.531	757.97	64	2280	0	0	f5_AvailabilityGrid.txt
534289	4983010	1100	0	1.159	1.344	2264.927	5129896	23.531	553.72	64	2033	0.003	0	f5_AvailabilityGrid.txt
534289	4983010	1101	0	1.159	1.344	2264.927	5129896	23.531	553.72	64	2033	0.003	0	f5_AvailabilityGrid.txt
533689	4983210	1102	0	0.981	0.962	163.501	26732.72	34.281	1175.204	64	1841	0	0	f5_AvailabilityGrid.txt
533689	4983210	1103	0	0.981	0.962	163.501	26732.72	34.281	1175.204	64	1841	0	0	f5_AvailabilityGrid.txt
533689	4983210	1104	0	0.981	0.962	163.501	26732.72	34.281	1175.204	64	1841	0	0	f5_AvailabilityGrid.txt
533689	4982810	1105	0	1.059	1.122	244.73	59892.59	24.219	586.548	64	1758	0.005	0	f5_AvailabilityGrid.txt
534589	4982960	1106	0	1.04	1.082	4128.897	17047790	28.375	805.141	9	2016	0.004	0	f5_AvailabilityGrid.txt
534589	4982960	1107	0	1.04	1.082	4128.897	17047790	28.375	805.141	9	2016	0.004	0	f5_AvailabilityGrid.txt
533739	4983110	1108	0	1.214	1.475	124.616	15529.24	35.172	1237.061	64	1841	0	0	f5_AvailabilityGrid.txt
534339	4983610	1109	0	0.891	0.793	3884.207	15087060	14.672	215.264	64	2167	0	0	f5_AvailabilityGrid.txt
534339	4983610	1110	0	0.891	0.793	3884.207	15087060	14.672	215.264	64	2167	0	0	f5_AvailabilityGrid.txt
533739	4983310	1111	0	0.981	0.962	213.3	45496.95	34.281	1175.204	64	1936	0	0	f5_AvailabilityGrid.txt
533829	4983600	1112	0	1.069	1.142	607.191	368680.8	37.5	1406.25	64	2047	0	0	f5_AvailabilityGrid.txt
533589	4983560	1113	0	0.881	0.776	184.344	33982.68	35.625	1269.141	64	1916	0	0	f5_AvailabilityGrid.txt
533739	4983560	1114	0	1.069	1.142	282.147	79606.76	37.5	1406.25	64	2047	0	0	f5_AvailabilityGrid.txt
534799	4984650	1120	0	1.021	1.043	4802.478	23063800	17.281	298.642	64	2418	0	0	f5_AvailabilityGrid.txt
527499	4965460	1133	0	0.864	0.747	4899.086	24001050	6.109	37.324	64	2481	0.005	0	f5_AvailabilityGrid.txt
523599	4967190	1140	12.606	0.705	0.498	5631.659	31715580	2.234	4.992	45	2350	0.005	0	f5_AvailabilityGrid.txt
529169	4963130	1147	0	0.974	0.949	2560.439	6555847	15.391	236.871	64	2506	0	0	f5_AvailabilityGrid.txt
525639	4965510	1154	0	0.901	0.813	5995.552	35946650	6.469	41.845	64	2466	0	0	f5_AvailabilityGrid.txt
533549	4960590	1162	0	0.856	0.732	4195.171	17599460	3.016	9.094	64	2676	0	0	f5_AvailabilityGrid.txt
534809	4965140	1168	0	0.709	0.503	3090.948	9553960	4.984	24.844	64	2650	0	0	f5_AvailabilityGrid.txt
540559	4963890	1178	32.324	0.89	0.792	8059.982	64963320	10.734	115.227	24	2561	0.008	0	f5_AvailabilityGrid.txt
532199	4969030	1188	23.558	1.004	1.009	4890.454	23916540	16.453	270.705	33	2598	0.005	0	f5_AvailabilityGrid.txt
542789	4972940	1197	0	1.01	1.02	3910.334	15290710	9.266	85.852	64	2241	0.003	0	f5_AvailabilityGrid.txt
537539	4960790	1203	0	1.002	1.004	4240.792	17984320	16.188	262.035	64	2680	0	0	f5_AvailabilityGrid.txt
528389	4967310	1210	0	1.206	1.455	1722.186	2965924	30.109	906.574	64	2351	0	0	f5_AvailabilityGrid.txt
523489	4968060	1218	0.469	0.565	0.32	3633.591	13202980	1.078	1.162	63	2332	0.002	0	f5_AvailabilityGrid.txt
525039	4969710	1231	0.469	0.848	0.72	5491.226	30153560	8.688	75.473	63	2441	0.003	0	f5_AvailabilityGrid.txt
528709	4968290	1238	0	1.089	1.185	1849.044	3418963	18.453	340.518	64	2268	0	0	f5_AvailabilityGrid.txt
537869	4967040	1246	0	0.8	0.641	6498.85	42235050	3.031	9.188	64	2555	0	0	f5_AvailabilityGrid.txt
540889	4972980	1252	11.89	1.078	1.162	5727.546	32804780	19.094	364.571	46	2501	0.006	0	f5_AvailabilityGrid.txt
536789	4971410	1259	0.938	0.801	0.642	3315.871	10995000	7.125	50.766	62	2687	0.002	0	f5_AvailabilityGrid.txt
545119	4969210	1462	0	1.016	1.033	3547.614	12585560	15.031	225.938	64	2233	0	0	f5_AvailabilityGrid.txt
543139	4967410	1473	0	0.876	0.768	3426.345	11739840	17.281	298.642	64	2157	0	0	f5_AvailabilityGrid.txt
539819	4965890	1481	0	1.194	1.427	1969.339	3878298	33.531	1124.345	64	2355	0.005	0	f5_AvailabilityGrid.txt
535819	4955660	1486	0	0.999	0.999	5493.05	30173600	16.313	266.098	64	2526	0.002	0	f5_AvailabilityGrid.txt
524989	4974850	1495	0	1.29	1.664	553.692	306575	31.969	1022.001	64	2065	0	0	f5_AvailabilityGrid.txt
525189	4968840	1498	10.701	0.775	0.601	6689.959	44755560	9.234	85.274	44	2452	0.005	0	f5_AvailabilityGrid.txt
542389	4964310	1509	0	1.07	1.144	2997.75	8986508	16.125	260.016	64	2279	0	0	f5_AvailabilityGrid.txt
537299	4961790	1514	0	1.191	1.418	3699.73	13688010	22.016	484.688	64	2576	0	0	f5_AvailabilityGrid.txt
540789	4965510	1527	4.219	0.941	0.886	6595.104	43495400	11.594	134.415	55	2466	0.004	0	f5_AvailabilityGrid.txt
538619	4963360	1534	0	1.015	1.029	5057.842	25581760	11.766	138.43	64	2606	0	0	f5_AvailabilityGrid.txt
527389	4975910	1541	0	0.967	0.935	2055.518	4225156	9.422	88.772	64	2162	0	0	f5_AvailabilityGrid.txt
524789	4974590	1547	0	1.272	1.617	1221.377	1491762	27.813	773.535	64	2099	0	0	f5_AvailabilityGrid.txt
522939	4971210	1561	0	0.728	0.531	2978.403	8870886	2.984	8.906	64	2277	0	0	f5_AvailabilityGrid.txt
528749	4974560	1567	0	0.975	0.95	1734.616	3008894	11.656	135.868	64	2144	0	0	f5_AvailabilityGrid.txt
543289	4972190	1575	2.344	1.081	1.168	6687.346	44720590	16.203	262.541	59	2287	0.004	0	f5_AvailabilityGrid.txt
545319	4970640	1583	0	0.955	0.913	4612.872	21278590	8.656	74.931	64	2180	0	0	f5_AvailabilityGrid.txt
539339	4967740	1588	0	0.932	0.868	5539.414	30685110	9.047	81.846	64	2537	0	0	f5_AvailabilityGrid.txt
524769	4970240	1602	0	0.841	0.707	4947.509	24477840	12.031	144.751	64	2402	0.004	0	f5_AvailabilityGrid.txt
525839	4977250	1609	0	1.059	1.122	2235.181	4996036	18.219	331.923	64	2026	0.005	0	f5_AvailabilityGrid.txt
526939	4977410	1618	0	1.022	1.045	1249.229	1560573	13.656	186.493	64	1904	0.003	0	f5_AvailabilityGrid.txt
524059	4975990	1625	0	0.992	0.983	2871.743	8246909	13.313	177.223	64	2436	0	0	f5_AvailabilityGrid.txt
533119	4975940	1631	4.413	0.84	0.706	5916.25	35002020	3.906	15.259	55	2119	0.006	0	f5_AvailabilityGrid.txt
