> cellgrid[1]
[[1]]
[[1]][[1]]
      xmin     xmax    ymin    ymax
1 606588.6 606631.1 5149578 5149656

[[1]][[2]]
         x       y d2et slope elevm
257 606600 5149650    0    40  1809
258 606625 5149650    0    52  1783
276 606600 5149625    0    51  1787
277 606625 5149625    0    54  1764
295 606600 5149600    0    54  1763
296 606625 5149600    0    54  1738

[[1]][[3]]
         x       y time d2et slope elevm                ExtentFile
1 606603.4 5149630    0    1    51  1787 003SCFtt_master_avail.txt
2 606602.8 5149625    5    1    51  1787 003SCFtt_master_avail.txt
3 606616.9 5149604   10    1    54  1738 003SCFtt_master_avail.txt

