$parTable
                      Est          SE         Lower         Upper             Z            P
mu.x         6.060676e+05  4.41573493  6.060589e+05  6.060762e+05 137251.805028 0.0000000000
mu.y         5.150247e+06 33.77390632  5.150181e+06  5.150313e+06 152491.904062 0.0000000000
sdx          1.095058e+04 16.38634665  4.560915e+01  2.629190e+06      3.326057 0.0008808387
sxy          1.265882e+03  6.33413665  3.396924e+01  4.717377e+04      3.869829 0.0001089117
correlation  8.042562e-01  0.81073554 -7.847855e-01  2.393298e+00      0.992008 0.3211935887
d2et        -2.679247e+00  0.08831811 -2.852350e+00 -2.506143e+00    -30.336320 0.0000000000
elevm       -3.710472e+00  0.11733716 -3.940453e+00 -3.480491e+00    -31.622310 0.0000000000

$covmat
              [,1]         [,2]        [,3]        [,4]        [,5]         [,6]         [,7]
[1,]   19.49871501 -149.1332904 -0.09375661  0.16052187  0.08926789  0.108244088  0.153419138
[2,] -149.13329044 1140.6767478  1.34728008 -0.81247655 -0.50037315 -0.833091904 -1.182748942
[3,]   -0.09375661    1.3472801  7.82012403  5.12238578  2.24997210 -0.063952024 -0.116217941
[4,]    0.16052187   -0.8124765  5.12238578  3.40754440  1.49640049 -0.042418308 -0.075008435
[5,]    0.08926789   -0.5003731  2.24997210  1.49640049  0.65729211 -0.018443786 -0.032688168
[6,]    0.10824409   -0.8330919 -0.06395202 -0.04241831 -0.01844379  0.007800089  0.009599299
[7,]    0.15341914   -1.1827489 -0.11621794 -0.07500843 -0.03268817  0.009599299  0.013768010

$Neg2xLikelihood
[1] 30245.57

$AICc
[1] 30259.59

$evalTime
Time difference of 4.124548 hours

$convergence
[1] TRUE

