$parTable
                      Est          SE         Lower         Upper             Z         P
mu.x         6.060676e+05 68.19395157  6.059339e+05  6.062013e+05  8.887410e+03 0.0000000
mu.y         5.150247e+06 47.47426823  5.150154e+06  5.150340e+06  1.084850e+05 0.0000000
sdx          1.075914e+03  1.07907822  9.268165e+02  1.248996e+03  9.172493e+01 0.0000000
sxy          8.209978e+02  1.03801149  7.631076e+02  8.832797e+02  1.798737e+02 0.0000000
correlation -4.703245e-02  0.05795476 -1.606238e-01  6.655888e-02 -8.115374e-01 0.4170571
slope        5.674020e+00  0.22844295  5.226272e+00  6.121768e+00  2.483780e+01 0.0000000
elevm       -1.932786e+00  0.18582124 -2.296996e+00 -1.568576e+00 -1.040132e+01 0.0000000

$covmat
             [,1]         [,2]          [,3]          [,4]          [,5]          [,6]         [,7]
[1,] 4650.4150306 -939.1087266 -1.5241397665 -0.1991420226  0.4846215069 -2.9494353638  3.450843130
[2,] -939.1087261 2253.8061437  0.5848876156  0.9452563785 -0.8272618544 -2.2173692652 -4.494468731
[3,]   -1.5241398    0.5848876  0.0057923025  0.0001994591  0.0004470359 -0.0046435549 -0.008922645
[4,]   -0.1991420    0.9452564  0.0001994591  0.0013918010 -0.0004052914  0.0000131522 -0.002147194
[5,]    0.4846215   -0.8272619  0.0004470359 -0.0004052914  0.0033587543 -0.0010585730 -0.000318279
[6,]   -2.9494354   -2.2173693 -0.0046435549  0.0000131522 -0.0010585730  0.0521861834  0.019547522
[7,]    3.4508431   -4.4944687 -0.0089226454 -0.0021471937 -0.0003182790  0.0195475222  0.034529534

$Neg2xLikelihood
[1] 29777.49

$AICc
[1] 29791.51

$evalTime
Time difference of 1.440525 hours

$convergence
[1] TRUE

